1698081302.121124 -23.754174468905298 51.33342644146291 0.124 0 0 0 1 0.014000000432133675 0.014000000432133675 0.009999999776482582
1698081302.62168 -24.285739400921443 51.025612365017025 0.036000000000000004 0 0 -0.9657586969225845 0.2594419767855456 0.014000000432133675 0.014000000432133675 0.009999999776482582
1698081303.1313193 -24.7287103446729 50.71779797253379 0.05299999999999999 0 0 -0.9542536278034041 0.2989983508717773 0.014000000432133675 0.014000000432133675 0.009999999776482582
1698081303.6193347 -25.094161376539176 50.461285952637354 0.11599999999999999 0 0 -0.9535456475320649 0.301248565262401 0.014000000432133675 0.014000000432133675 0.009999999776482582
1698081304.123432 -25.37101815053268 50.28685786498098 0.10799999999999998 0 0 -0.9607497204407889 0.27741660850234995 0.014000000432133675 0.014000000432133675 0.009999999776482582
1698081304.6198263 -25.39316712302571 50.1432105168389 -0.04899999999999999 0 0 -0.7590747878588057 0.6510034304342099 0.014000000432133675 0.014000000432133675 0.012000000104308128
1698081305.1257799 -25.481761445139863 50.04060551070097 -0.08400000000000002 0 0 -0.9092687162265549 0.41620956463266523 0.014000000432133675 0.014000000432133675 0.014000000432133675
1698081305.619229 -25.62572690254145 49.96878227588631 -0.04299999999999998 0 0 -0.9733507527582204 0.22932141658599123 0.014000000432133675 0.014000000432133675 0.010999999940395355
1698081306.1293128 -25.692172456300533 49.94826143533946 0.009000000000000008 0 0 -0.9888051077994079 0.14921279700414866 0.014000000432133675 0.014000000432133675 0.012000000104308128
1698081306.6156313 -25.980103436963105 49.78409389774131 -0.062 0 0 -0.966622060126538 0.25620654339170884 0.014000000432133675 0.014000000432133675 0.014999999664723873
1698081307.1273475 -26.345554789171484 49.424976525741954 -0.08900000000000002 0 0 -0.9255433165243087 0.37864174259738376 0.014000000432133675 0.014000000432133675 0.014000000432133675
1698081307.6210287 -26.82174857557058 49.07612002760157 -0.127 0 0 -0.9504444987921599 0.3108942822177982 0.014000000432133675 0.014000000432133675 0.012000000104308128
1698081308.15023 -27.275793924767356 48.70674237288902 -0.177 0 0 -0.9422643916997423 0.33486984954563265 0.014000000432133675 0.014000000432133675 0.012000000104308128
1698081308.6257443 -27.63017044382208 48.52205394543181 -0.178 0 0 -0.9712862015693262 0.23791409088372661 0.014000000432133675 0.014000000432133675 0.009999999776482582
1698081309.1272671 -27.81843337722118 48.296322852720955 -0.14700000000000002 0 0 -0.9056745902846316 0.42397350921108823 0.014000000432133675 0.014000000432133675 0.009999999776482582
1698081309.6235108 -27.951324611189246 48.21423902385218 -0.09100000000000003 0 0 -0.9619736726357792 0.2731421848701346 0.014000000432133675 0.014000000432133675 0.009999999776482582
1698081310.1346924 -28.084215713636553 48.17319731906105 -0.09000000000000002 0 0 -0.9888050948512274 0.14921288280927794 0.014000000432133675 0.014000000432133675 0.009999999776482582
1698081310.6257586 -28.183883746263103 48.234760829990215 0.032 0 0 0.9619727978939252 0.2731452655861591 0.014000000432133675 0.014000000432133675 0.009999999776482582
1698081311.1308458 -28.12851254027333 48.22450011873844 0.055999999999999994 0 0 -0.0914865338277718 0.9958063135611162 0.014000000432133675 0.014000000432133675 0.010999999940395355
1698081311.633461 -28.03991862486977 48.20397877382019 0.11199999999999999 0 0 -0.11356424089316808 0.9935306553853074 0.014000000432133675 0.014000000432133675 0.012000000104308128
1698081312.1391044 -27.995621536527256 48.234760228994126 0.094 0 0 0.29899849699952324 0.9542535820168694 0.014000000432133675 0.014000000432133675 0.012000000104308128
1698081312.6270702 -27.94025075603532 48.09111260637515 0.122 0 0 -0.5658323078084025 0.8245203450735568 0.014000000432133675 0.014000000432133675 0.010999999940395355
1698081313.139344 -27.884879843439116 47.98850711217023 0.10899999999999999 0 0 -0.5123917063392485 0.8587518496485195 0.014000000432133675 0.014000000432133675 0.012000000104308128
1698081313.6295912 -27.796286122499485 47.90642257569463 0.069 0 0 -0.3650064555614618 0.9310049878483244 0.014000000432133675 0.014000000432133675 0.009999999776482582
1698081314.1398287 -27.70769249870346 47.79355644742856 0.122 0 0 -0.437351694457478 0.8992905511319313 0.014000000432133675 0.014000000432133675 0.010999999940395355
1698081314.6332233 -27.508356753830544 47.56782412490746 0.069 0 0 -0.41114436491705164 0.9115702447957339 0.014000000432133675 0.014000000432133675 0.009999999776482582
1698081315.1401527 -27.209353288244778 47.17792299291076 0.07200000000000001 0 0 -0.44241771025698445 0.8968091043532993 0.014000000432133675 0.014000000432133675 0.009999999776482582
1698081315.6285207 -26.877127673386614 46.59307168416989 0.089 0 0 -0.5030289793487452 0.8642695447228022 0.014000000432133675 0.014000000432133675 0.009999999776482582
1698081316.1449404 -26.43416021154278 45.792748915230376 0.08399999999999999 0 0 -0.5078096681315543 0.8614692919379777 0.014000000432133675 0.014000000432133675 0.010999999940395355
1698081316.6347158 -25.991193013745455 44.88982089123758 0.11599999999999999 0 0 -0.5289413370445519 0.8486583894391911 0.014000000432133675 0.014000000432133675 0.009999999776482582
1698081317.14468 -25.515003376351245 43.86376646056097 0.149 0 0 -0.5380654696876807 0.842903049187613 0.014000000432133675 0.014000000432133675 0.010999999940395355
1698081317.6339672 -24.950220036569867 42.714585486467264 0.134 0 0 -0.528641715695245 0.8488450603183055 0.014000000432133675 0.014000000432133675 0.010999999940395355
1698081318.1425445 -24.385436664235343 41.544883537765465 0.152 0 0 -0.5315960417654787 0.8469980214730584 0.014000000432133675 0.014000000432133675 0.010999999940395355
1698081318.6333942 -23.77635642989714 40.293097326836396 0.224 0 0 -0.5303179993055811 0.8477988084519379 0.014000000432133675 0.014000000432133675 0.012000000104308128
1698081319.1401432 -23.178350073506472 39.143916531718276 0.265 0 0 -0.5188374418764629 0.8548729197413426 0.014000000432133675 0.014000000432133675 0.012000000104308128
1698081319.6375802 -22.524972366473403 38.00499621762773 0.34199999999999997 0 0 -0.5011928303224645 0.8653356266983102 0.014000000432133675 0.014000000432133675 0.010999999940395355
1698081320.140952 -21.838371726727644 36.907118029462 0.31 0 0 -0.48464630363964095 0.8747102150817909 0.014000000432133675 0.014000000432133675 0.009999999776482582
1698081320.6345599 -21.173919358687474 35.87080315763056 0.371 0 0 -0.4797127782523527 0.8774255811072579 0.014000000432133675 0.014000000432133675 0.009999999776482582
1698081321.1610203 -20.465170068693634 34.77292511465919 0.355 0 0 -0.4783486861055888 0.8781699918017336 0.014000000432133675 0.014000000432133675 0.009999999776482582
1698081321.634755 -19.767494946338406 33.675047199070306 0.352 0 0 -0.48148614415021157 0.8764537027084555 0.014000000432133675 0.014000000432133675 0.009999999776482582
1698081322.1444504 -19.091968195649198 32.597690484999525 0.358 0 0 -0.48413299401936494 0.8749944251832954 0.014000000432133675 0.014000000432133675 0.013000000268220901
1698081322.6378648 -18.416441345105245 31.530594391498397 0.306 0 0 -0.48224363560391015 0.8760371430022377 0.014000000432133675 0.014000000432133675 0.010999999940395355
1698081323.145679 -17.751988729220646 30.432716841517582 0.32 0 0 -0.4910331460744356 0.8711408895558984 0.014000000432133675 0.014000000432133675 0.010999999940395355
1698081323.6388288 -17.1207586566088 29.3964026003934 0.304 0 0 -0.4897930429063868 0.8718387322896949 0.014000000432133675 0.014000000432133675 0.009999999776482582
1698081324.142117 -16.500602779616656 28.34982793937434 0.29 0 0 -0.4950857625785331 0.868844110121046 0.014000000432133675 0.014000000432133675 0.009999999776482582
1698081324.636147 -15.8472240500972 27.323774354267336 0.325 0 0 -0.48107675380260584 0.8766784798035977 0.014000000432133675 0.014000000432133675 0.009999999776482582
1698081325.1486733 -15.193845391641428 26.215636671352218 0.299 0 0 -0.4960316655948821 0.8683044320554669 0.014000000432133675 0.014000000432133675 0.009999999776482582
1698081325.6437953 -14.52939250664191 25.04593593089033 0.299 0 0 -0.5030282191954363 0.8642699871527809 0.014000000432133675 0.014000000432133675 0.009999999776482582
1698081326.1494567 -13.853865314059659 23.855714229100094 0.293 0 0 -0.5031881930613032 0.864176858266698 0.014000000432133675 0.014000000432133675 0.009999999776482582
1698081326.651352 -13.111892695100588 22.562887320112512 0.259 0 0 -0.5011169138557302 0.8653795922297386 0.014000000432133675 0.014000000432133675 0.009999999776482582
1698081327.1591456 -12.380994139868575 21.321363156928218 0.244 0 0 -0.49632425928486346 0.8681372182122661 0.014000000432133675 0.014000000432133675 0.009999999776482582
1698081327.6502037 -11.583650117174454 19.987494339237898 0.198 0 0 -0.4934134451715857 0.8697949023326744 0.014000000432133675 0.014000000432133675 0.009999999776482582
1698081328.1702993 -10.775231678037578 18.69466772982689 0.211 0 0 -0.4846708037450154 0.8746966399827776 0.014000000432133675 0.014000000432133675 0.009999999776482582
1698081328.6517973 -9.933590454909899 17.3402781042926 0.131 0 0 -0.48589660585561634 0.874016297570012 0.014000000432133675 0.014000000432133675 0.009999999776482582
1698081329.1529715 -9.069800525472722 16.067972756611212 0.11499999999999999 0 0 -0.46813606140697656 0.8836563970290509 0.014000000432133675 0.014000000432133675 0.009999999776482582
1698081329.6542063 -8.239233232567956 14.795667586848786 0.098 0 0 -0.47610999853344615 0.8793857340760549 0.014000000432133675 0.014000000432133675 0.009999999776482582
1698081330.1590326 -7.408665905358685 13.441278414769553 0.08299999999999999 0 0 -0.4884815657770012 0.8725742145491404 0.014000000432133675 0.014000000432133675 0.009999999776482582
1698081330.6533148 -6.567024281484935 11.99454472613776 -0.009000000000000008 0 0 -0.49857222774326837 0.8668481607081568 0.014000000432133675 0.014000000432133675 0.009999999776482582
1698081331.1603787 -5.703234007544405 10.568332217599952 -0.01100000000000001 0 0 -0.4908936358910329 0.8712195120873281 0.014000000432133675 0.014000000432133675 0.009999999776482582
1698081331.6519938 -4.839443666372499 9.029254193013196 -0.061 0 0 -0.5052595587859954 0.8629674259526725 0.014000000432133675 0.014000000432133675 0.009999999776482582
1698081332.1605797 -3.9645788690031236 7.592781496078543 -0.059 0 0 -0.4898165201764869 0.8718255425038872 0.014000000432133675 0.014000000432133675 0.009999999776482582
1698081332.6546469 -3.078639713655646 6.084485356027335 -0.118 0 0 -0.49675421631535693 0.8678912654088158 0.014000000432133675 0.014000000432133675 0.009999999776482582
1698081333.1562407 -2.1594776614926228 4.586449897284595 -0.09900000000000003 0 0 -0.4883747189142537 0.8726340206096848 0.014000000432133675 0.014000000432133675 0.009999999776482582
1698081333.6528873 -1.262463940742477 3.1602382199685763 -0.08500000000000002 0 0 -0.48352852619958114 0.8753286036405191 0.014000000432133675 0.014000000432133675 0.009999999776482582
1698081334.1626542 -0.4097470762723235 1.7340267169194836 -0.09200000000000003 0 0 -0.49337450383534526 0.8698169916512478 0.014000000432133675 0.014000000432133675 0.009999999776482582
1698081334.6596973 0.387598686260914 0.40015999075520486 -0.10399999999999998 0 0 -0.49341272692512955 0.8697953097759884 0.014000000432133675 0.014000000432133675 0.009999999776482582
1698081335.1633472 1.1517218218833296 -0.9337065978226035 -0.10899999999999999 0 0 -0.5014593254656776 0.8651812208453831 0.014000000432133675 0.014000000432133675 0.009999999776482582
1698081335.6588652 1.9490678146748723 -2.22653100072311 -0.07600000000000001 0 0 -0.4873712958933393 0.8731948350392638 0.014000000432133675 0.014000000432133675 0.010999999940395355
1698081336.163569 2.7021169148207833 -3.468052721253696 -0.08200000000000002 0 0 -0.4906068805815078 0.8713810238501193 0.014000000432133675 0.014000000432133675 0.009999999776482582
1698081336.6577046 3.4551660917126497 -4.627490236370555 -0.04799999999999999 0 0 -0.4771316645368563 0.8788318238982296 0.014000000432133675 0.014000000432133675 0.009999999776482582
1698081337.1660063 4.23036385527511 -5.786927625110977 -0.016000000000000014 0 0 -0.4712688480098075 0.8819896104237901 0.014000000432133675 0.014000000432133675 0.009999999776482582
1698081337.658668 4.983413245146446 -7.018188471480674 -0.068 0 0 -0.4889995848696005 0.8722840168186956 0.014000000432133675 0.014000000432133675 0.012000000104308128
1698081338.1619227 5.725388453925926 -8.18788614997513 -0.065 0 0 -0.48184381175117785 0.8762571204144908 0.014000000432133675 0.014000000432133675 0.009999999776482582
1698081338.6629963 6.467363779610702 -9.398625745002777 -0.09900000000000003 0 0 -0.4886125586421312 0.872500869648386 0.014000000432133675 0.014000000432133675 0.009999999776482582
1698081339.17026 7.209339210081213 -10.619625730508972 -0.08700000000000002 0 0 -0.4902486350475224 0.8715826270836524 0.014000000432133675 0.014000000432133675 0.009999999776482582
1698081339.664588 7.884869154955286 -11.717499555488267 0.0020000000000000018 0 0 -0.4878269381744832 0.872940363593819 0.014000000432133675 0.014000000432133675 0.009999999776482582
1698081340.170809 8.69329026270622 -12.938499255516716 -0.045999999999999985 0 0 -0.4732546966974991 0.8809256450199178 0.014000000432133675 0.014000000432133675 0.009999999776482582
1698081340.6936505 9.490637241104471 -14.18001984867272 -0.08500000000000002 0 0 -0.479381552802345 0.8776065900121833 0.014000000432133675 0.014000000432133675 0.009999999776482582
1698081341.1741376 10.25476153582332 -15.380498318334983 -0.068 0 0 -0.48116148747210724 0.8766319769285337 0.014000000432133675 0.014000000432133675 0.009999999776482582
1698081341.6600056 11.06318297549561 -16.632279146109692 -0.22899999999999998 0 0 -0.4782699044893208 0.8782129004175332 0.014000000432133675 0.014000000432133675 0.010999999940395355
1698081342.1626253 11.87160447074832 -17.84301782205638 -0.242 0 0 -0.4715398360049326 0.881844761315982 0.014000000432133675 0.014000000432133675 0.009999999776482582
1698081342.6548398 12.63572907162794 -19.053756423318305 -0.26 0 0 -0.48284720996473435 0.8757046144844001 0.014000000432133675 0.014000000432133675 0.009999999776482582
1698081343.1682458 13.444150831645127 -20.31579736132999 -0.249 0 0 -0.4798998051344621 0.8773233024557738 0.014000000432133675 0.014000000432133675 0.009999999776482582
1698081343.6651652 14.263647004809386 -21.61888016231436 -0.274 0 0 -0.4835467746968747 0.8753185229847761 0.014000000432133675 0.014000000432133675 0.009999999776482582
1698081344.1768239 15.105291678147966 -22.850139269204952 -0.28800000000000003 0 0 -0.4667330951724966 0.8843982235795712 0.014000000432133675 0.014000000432133675 0.009999999776482582
1698081344.669287 15.991233347111123 -24.01983515533166 -0.20400000000000001 0 0 -0.44509845449989244 0.8954816390087555 0.014000000432133675 0.014000000432133675 0.009999999776482582
1698081345.1734245 16.866100928491246 -25.230572929612386 -0.21000000000000002 0 0 -0.45514464795359655 0.8904175141130124 0.014000000432133675 0.014000000432133675 0.012000000104308128
1698081345.6964138 17.685597348524155 -26.431050159472864 -0.178 0 0 -0.46701106740248927 0.884251470410758 0.014000000432133675 0.014000000432133675 0.009999999776482582
1698081346.1703653 18.494019748338605 -27.703350782178013 -0.173 0 0 -0.48150925122321864 0.8764410082752035 0.014000000432133675 0.014000000432133675 0.009999999776482582
1698081346.6664753 19.180625367446282 -28.893567503522977 -0.16599999999999998 0 0 -0.5001545499791961 0.8659361559232343 0.014000000432133675 0.014000000432133675 0.009999999776482582
1698081347.164011 19.78971117999248 -30.001700275429954 -0.183 0 0 -0.5090758138917343 0.8607216830720998 0.014000000432133675 0.014000000432133675 0.009999999776482582
1698081347.6630592 20.310202835136312 -30.986707151712306 -0.197 0 0 -0.5161401506973626 0.8565041417518678 0.014000000432133675 0.014000000432133675 0.009999999776482582
1698081348.1774929 20.786397453757214 -31.92041155980742 -0.22999999999999998 0 0 -0.5223360273517103 0.8527397460717036 0.014000000432133675 0.014000000432133675 0.009999999776482582
1698081348.6633043 21.207220576626057 -32.71046905090279 -0.21600000000000003 0 0 -0.5147243205857662 0.8573557451825475 0.014000000432133675 0.014000000432133675 0.012000000104308128
1698081349.1719432 21.628043582584407 -33.42870301082842 -0.20900000000000002 0 0 -0.4972267519622916 0.86762062972997 0.014000000432133675 0.014000000432133675 0.014999999664723873
1698081349.66499 22.12638617509739 -34.064852773747 -0.22100000000000003 0 0 -0.4377891269005495 0.8990776831662849 0.014000000432133675 0.014000000432133675 0.012000000104308128
1698081350.175662 22.69117419107411 -34.65996035300254 -0.191 0 0 -0.39472273196339713 0.9188002856286844 0.014000000432133675 0.014000000432133675 0.013000000268220901
1698081350.6931427 23.31133311377946 -35.10116030231537 -0.13 0 0 -0.30427585434581766 0.9525839618963374 0.014000000432133675 0.014000000432133675 0.010999999940395355
1698081351.1761124 24.020086036196897 -35.54236000815437 -0.08000000000000002 0 0 -0.27481788127639106 0.9614962985528106 0.014000000432133675 0.014000000432133675 0.012000000104308128
1698081351.6615086 24.806358417504565 -35.860433534790786 -0.07900000000000001 0 0 -0.19102299563958056 0.9815855618013545 0.014000000432133675 0.014000000432133675 0.010999999940395355
1698081352.1724901 25.62585335536202 -36.09642298590457 -0.09999999999999998 0 0 -0.13973289463458857 0.9901892335089485 0.014000000432133675 0.014000000432133675 0.012000000104308128
1698081352.666361 26.556090583017433 -36.25032818615631 -0.08000000000000002 0 0 -0.08188919674259694 0.9966414397650001 0.014000000432133675 0.014000000432133675 0.010999999940395355
1698081353.1792936 27.497401888992034 -36.332409881516384 -0.08100000000000002 0 0 -0.043475941655087454 0.9990544742391194 0.014000000432133675 0.014000000432133675 0.012000000104308128
1698081353.6708984 28.505158662286597 -36.40423091275018 -0.07200000000000001 0 0 -0.035566459951330516 0.9993673133170458 0.014000000432133675 0.014000000432133675 0.009999999776482582
1698081354.1844466 29.479692642242323 -36.45553103030041 -0.07400000000000001 0 0 -0.02629303123784006 0.9996542784924826 0.014000000432133675 0.014000000432133675 0.009999999776482582
1698081354.6735942 30.454226499803653 -36.45552867942777 -0.10299999999999998 0 0 1.2061523687443186e-06 0.9999999999992726 0.014000000432133675 0.014000000432133675 0.009999999776482582
1698081355.1802738 31.384463191202812 -36.383702996213245 -0.10299999999999998 0 0 0.03852015420930242 0.9992578234468278 0.014000000432133675 0.014000000432133675 0.009999999776482582
1698081355.6943934 32.314699442332234 -36.127188484027236 -0.125 0 0 0.1341271541322128 0.9909641297869433 0.014000000432133675 0.014000000432133675 0.009999999776482582
1698081356.1721869 33.22278690905467 -35.74754817240273 -0.09800000000000003 0 0 0.19670031406989513 0.980463658910826 0.014000000432133675 0.014000000432133675 0.009999999776482582
1698081356.6706767 34.14194846748546 -35.29608445224916 -0.12 0 0 0.22630147438891457 0.9740573097561578 0.014000000432133675 0.014000000432133675 0.009999999776482582
1698081357.1814268 35.02788703468649 -34.73175548433708 -0.10999999999999999 0 0 0.2797996655661578 0.96005840819664 0.014000000432133675 0.014000000432133675 0.009999999776482582
1698081357.675038 35.9248998488504 -34.157166069648376 -0.177 0 0 0.2810180506082029 0.9597024826644794 0.014000000432133675 0.014000000432133675 0.009999999776482582
1698081358.1825383 36.84406123025707 -33.60309765000832 -0.15300000000000002 0 0 0.2679234824636142 0.9634401940673689 0.014000000432133675 0.014000000432133675 0.009999999776482582
1698081358.6715302 37.807519602719694 -33.03876871314052 -0.15900000000000003 0 0 0.2618430014710548 0.9651104820592454 0.014000000432133675 0.014000000432133675 0.009999999776482582
1698081359.1772685 38.78205226769629 -32.48470031103177 -0.16300000000000003 0 0 0.2556170276081246 0.9667781209754321 0.014000000432133675 0.014000000432133675 0.009999999776482582
1698081359.671647 39.77873340906511 -31.91011096129625 -0.08600000000000002 0 0 0.25851190396584267 0.9660080721753597 0.014000000432133675 0.014000000432133675 0.009999999776482582
1698081360.1835084 40.77541465734476 -31.37656362927653 -0.09600000000000003 0 0 0.2432866843956462 0.969954426349905 0.014000000432133675 0.014000000432133675 0.012000000104308128
1698081360.6970248 41.79424431867172 -30.791713898984668 -0.062 0 0 0.25761834182107296 0.9662467541768825 0.014000000432133675 0.014000000432133675 0.009999999776482582
1698081361.1813395 42.735554264027584 -30.206864402560903 -0.025000000000000022 0 0 0.27440637882214897 0.9616138202322777 0.014000000432133675 0.014000000432133675 0.009999999776482582
1698081361.591018 43.74330980417134 -29.66305678160508 -0.028000000000000025 0 0 0.24490382352316878 0.9695473775034062 0.014000000432133675 0.014000000432133675 0.009999999776482582
1698081362.1837947 44.8064366487461 -29.139770092077345 -0.025000000000000022 0 0 0.22671157268855494 0.9739619411502084 0.014000000432133675 0.014000000432133675 0.009999999776482582
1698081362.6777303 45.858489281460834 -28.62674397763342 -0.014000000000000012 0 0 0.2249157988682362 0.974378203481309 0.014000000432133675 0.014000000432133675 0.009999999776482582
1698081363.182378 46.91054202976468 -28.165020339776465 -0.0030000000000000027 0 0 0.20531305676262712 0.9786963516447715 0.014000000432133675 0.014000000432133675 0.009999999776482582
1698081363.6736462 47.99581755806328 -27.71355718614641 -0.02400000000000002 0 0 0.1958331371075461 0.9806372328290504 0.014000000432133675 0.014000000432133675 0.009999999776482582
1698081364.1847482 49.07001883354866 -27.2518336373447 -0.008000000000000007 0 0 0.20158623880494778 0.9794707695099811 0.014000000432133675 0.014000000432133675 0.009999999776482582
1698081364.6712227 50.144220035097355 -26.738807760413874 -0.03600000000000003 0 0 0.2209407961901038 0.9752872215808444 0.014000000432133675 0.014000000432133675 0.009999999776482582
1698081365.1751993 51.207346987190036 -26.215521497837123 -0.020000000000000018 0 0 0.22671139574477586 0.9739619823378404 0.014000000432133675 0.014000000432133675 0.009999999776482582
1698081365.6925762 52.25939971046908 -25.692235325981663 -0.062 0 0 0.2287377651114906 0.9734880763583088 0.014000000432133675 0.014000000432133675 0.009999999776482582
1698081366.1838114 53.27822962230311 -25.117646900906955 -0.04099999999999998 0 0 0.25394067186582997 0.9672197967227154 0.014000000432133675 0.014000000432133675 0.009999999776482582
1698081366.6798904 54.252762627940676 -24.58410052795492 -0.08800000000000002 0 0 0.24784650883119147 0.9687993125824307 0.014000000432133675 0.014000000432133675 0.009999999776482582
1698081367.1863978 55.13870171423023 -24.081335792667396 -0.09800000000000003 0 0 0.2552317174110173 0.9668799152053075 0.014000000432133675 0.014000000432133675 0.009999999776482582
1698081367.6779969 56.06893779598418 -23.568310571283934 -0.08400000000000002 0 0 0.24933844632549343 0.9684164079485585 0.014000000432133675 0.014000000432133675 0.009999999776482582
1698081368.1869063 57.01024812993993 -23.045024921205655 -0.08200000000000002 0 0 0.25097309680691776 0.9679940623160586 0.014000000432133675 0.014000000432133675 0.009999999776482582
1698081368.6783237 57.95155836044739 -22.439655550182547 -0.03400000000000003 0 0 0.28188618175063784 0.959447851911737 0.014000000432133675 0.014000000432133675 0.009999999776482582
1698081369.1845217 58.99253692901913 -21.885588472837174 -0.013000000000000012 0 0 0.24212856187489998 0.9702441752076602 0.014000000432133675 0.014000000432133675 0.009999999776482582
1698081369.6706765 60.0445897686728 -21.331521458025072 -0.04299999999999998 0 0 0.24000506005257502 0.9707716369719296 0.014000000432133675 0.014000000432133675 0.009999999776482582
1698081370.1848533 61.05234566265927 -20.79797552251861 -0.03300000000000003 0 0 0.24106252036698889 0.9705095884504774 0.014000000432133675 0.014000000432133675 0.009999999776482582
1698081370.6939185 61.97150769666873 -20.346513544181697 -0.04799999999999999 0 0 0.22630063112982654 0.9740575056690658 0.014000000432133675 0.014000000432133675 0.009999999776482582
1698081371.1793785 62.713481899238325 -19.997656554831895 -0.043999999999999984 0 0 0.21798730457509438 0.975951604867826 0.014000000432133675 0.014000000432133675 0.009999999776482582
1698081371.67611 63.37793640890715 -19.679581111153286 0.0040000000000000036 0 0 0.22138266732370585 0.9751870151969013 0.014000000432133675 0.014000000432133675 0.009999999776482582
1698081372.1798046 64.00916820694422 -19.382026677360813 0.0050000000000000044 0 0 0.21847177999460488 0.9758432667933867 0.014000000432133675 0.014000000432133675 0.009999999776482582
1698081372.6771138 64.70684548986328 -19.074211715678192 0.0 0 0 0.20626442352295293 0.9784962890010078 0.014000000432133675 0.014000000432133675 0.009999999776482582
1698081373.186652 65.5263394413271 -18.70483382064562 0.027999999999999997 0 0 0.21015564771403555 0.9776679414473476 0.014000000432133675 0.014000000432133675 0.009999999776482582
1698081373.684186 66.37905614873155 -18.335455925167405 -0.03999999999999998 0 0 0.20296834065885144 0.979185300487192 0.014000000432133675 0.014000000432133675 0.009999999776482582
1698081374.1867895 67.26499564892892 -17.996859433203312 -0.027000000000000024 0 0 0.1815174186865234 0.9833877295926472 0.014000000432133675 0.014000000432133675 0.009999999776482582
1698081374.6803527 68.13986087297324 -17.627481594440912 -0.05499999999999999 0 0 0.19842728935359624 0.9801156109560668 0.014000000432133675 0.014000000432133675 0.009999999776482582
1698081375.1929646 68.92613205798932 -17.20680156950029 -0.063 0 0 0.24317651668136536 0.9699820522745344 0.014000000432133675 0.014000000432133675 0.010999999940395355
1698081375.6935532 69.5795122793053 -16.796382200761908 -0.14900000000000002 0 0 0.27676874339779495 0.9609365549702049 0.014000000432133675 0.014000000432133675 0.010999999940395355
1698081376.1960475 70.13322409565471 -16.22179553290028 -0.14300000000000002 0 0 0.3912123956900042 0.9203004191341475 0.014000000432133675 0.014000000432133675 0.012000000104308128
1698081376.6939166 70.48759930674467 -15.503562602096387 -0.09200000000000003 0 0 0.5279813452195226 0.8492559679508783 0.014000000432133675 0.014000000432133675 0.009999999776482582
1698081377.2003424 70.72015786378967 -14.836632149630082 -0.07900000000000001 0 0 0.5791128841684936 0.81524736576701 0.014000000432133675 0.014000000432133675 0.009999999776482582
1698081377.6913416 70.8308996653909 -14.118399508193525 -0.05499999999999999 0 0 0.6510046840841422 0.7590737126923222 0.014000000432133675 0.014000000432133675 0.009999999776482582
1698081378.1988509 70.8198247526504 -13.38990651956643 -0.04899999999999999 0 0 0.71246078520171 0.7017119277522386 0.014000000432133675 0.014000000432133675 0.009999999776482582
1698081378.6819448 70.69800728426401 -12.53828804605936 0.043999999999999984 0 0 0.7555133960446652 0.6551331989733514 0.014000000432133675 0.014000000432133675 0.009999999776482582
1698081379.194926 70.55404140685283 -11.737971899065027 0.034 0 0 0.7671520598444556 0.6414652890659079 0.014000000432133675 0.014000000432133675 0.009999999776482582
1698081379.6898808 70.38792702850172 -10.876092963207698 0.03 0 0 0.7711200149839312 0.6366898165442743 0.014000000432133675 0.014000000432133675 0.009999999776482582
1698081380.1925926 70.25503541867288 -9.973172125388658 0.0050000000000000044 0 0 0.756839163010662 0.6536011638096436 0.014000000432133675 0.014000000432133675 0.010999999940395355
1698081380.6960747 70.08892106129069 -8.977907105179243 0.122 0 0 0.7630948081790908 0.6462865569777207 0.014000000432133675 0.014000000432133675 0.009999999776482582
1698081381.193518 69.94495530038057 -8.044204843074795 0.11599999999999999 0 0 0.7590742048487531 0.6510041102276031 0.014000000432133675 0.014000000432133675 0.009999999776482582
1698081381.6911693 69.84528663094201 -7.192586265126259 -0.0030000000000000027 0 0 0.7470746375044626 0.6647401642729104 0.014000000432133675 0.014000000432133675 0.009999999776482582
1698081382.1965296 69.80098924557166 -6.320446723016179 0.010000000000000009 0 0 0.7248193694164042 0.688938953550172 0.014000000432133675 0.014000000432133675 0.009999999776482582
1698081382.6912146 69.7677661586173 -5.448307170302338 0.034 0 0 0.7204395062588063 0.6935177847911093 0.014000000432133675 0.014000000432133675 0.009999999776482582
1698081383.1939175 69.74561736277396 -4.545386214371444 0.013999999999999985 0 0 0.7157243825103365 0.6983828522237624 0.014000000432133675 0.014000000432133675 0.009999999776482582
1698081383.694646 69.69024587671184 -3.6527257301763814 -0.061 0 0 0.7286668424941418 0.6848683323454353 0.014000000432133675 0.014000000432133675 0.009999999776482582
1698081384.2035906 69.6570229539881 -2.8318884928992962 -0.08100000000000002 0 0 0.7212632399633581 0.6926610561288683 0.014000000432133675 0.014000000432133675 0.009999999776482582
1698081384.6945195 69.61272583291978 -2.0520931178015074 -0.04099999999999998 0 0 0.7268819195412796 0.6867624589652414 0.014000000432133675 0.014000000432133675 0.009999999776482582
1698081385.1981251 69.5684287503818 -1.2620372716385868 -0.026000000000000023 0 0 0.7266293313776471 0.6870297044390974 0.014000000432133675 0.014000000432133675 0.009999999776482582
1698081385.6944087 69.50198321093032 -0.43093955842014525 0.027999999999999997 0 0 0.7347430968884096 0.6783454736156417 0.014000000432133675 0.014000000432133675 0.009999999776482582
1698081386.1957264 69.34694372616339 0.4309395613803776 0.021999999999999992 0 0 0.7671517983277407 0.6414656018232883 0.014000000432133675 0.014000000432133675 0.009999999776482582
1698081386.6956336 69.19190429666467 1.3543814948086343 0.055999999999999994 0 0 0.7634053912380958 0.6459196611256 0.014000000432133675 0.014000000432133675 0.009999999776482582
1698081387.200068 69.03686492010438 2.2573025149872468 0.063 0 0 0.7646018558181304 0.6445029108386329 0.014000000432133675 0.014000000432133675 0.009999999776482582
1698081387.687629 68.87075136866329 3.2525677496948493 0.055999999999999994 0 0 0.7630945422887209 0.6462868709243347 0.014000000432133675 0.014000000432133675 0.009999999776482582
1698081388.1996212 68.69356364253065 4.278614409153844 0.069 0 0 0.7649088109541187 0.6441385805281006 0.014000000432133675 0.014000000432133675 0.009999999776482582
1698081388.6941895 68.51637601886137 5.39700528996232 0.069 0 0 0.7604206684790358 0.649430833076084 0.014000000432133675 0.014000000432133675 0.009999999776482582
1698081389.1972022 68.36133694864363 6.453833388127893 0.087 0 0 0.7566864152166966 0.6537779967439292 0.014000000432133675 0.014000000432133675 0.010999999940395355
1698081389.6904442 68.21737220683617 7.5209219683660775 0.15 0 0 0.7528951672620767 0.6581404615379679 0.014000000432133675 0.014000000432133675 0.009999999776482582
1698081390.2003295 68.06233329157894 8.588010576704427 0.16 0 0 0.7562347007657217 0.6543004488442441 0.014000000432133675 0.014000000432133675 0.010999999940395355
1698081390.6970181 67.91836871357447 9.67562013208344 0.232 0 0 0.7520715657014964 0.6590814517670027 0.014000000432133675 0.014000000432133675 0.009999999776482582
1698081391.198001 67.79655271126765 10.763229692366 0.239 0 0 0.7454218415955399 0.6665930378216636 0.014000000432133675 0.014000000432133675 0.009999999776482582
1698081391.6951368 67.67473677232167 11.830318337786283 0.237 0 0 0.7461302270610224 0.6658000332426149 0.014000000432133675 0.014000000432133675 0.009999999776482582
1698081392.1958241 67.54184664149015 12.876886074128535 0.275 0 0 0.7503218215289079 0.6610727374030347 0.014000000432133675 0.014000000432133675 0.010999999940395355
1698081392.6927667 67.36465957734185 13.913193402904158 0.298 0 0 0.7643734565059752 0.644773773496649 0.014000000432133675 0.014000000432133675 0.009999999776482582
1698081393.1111195 67.20962109295857 14.959761202380742 0.309 0 0 0.757146191229686 0.6532454707890287 0.014000000432133675 0.014000000432133675 0.009999999776482582
1698081393.6990175 67.07673116897045 15.99606853182363 0.349 0 0 0.7507305025122264 0.6606085925854583 0.014000000432133675 0.014000000432133675 0.009999999776482582
1698081394.2077658 66.91061858024139 17.0426363849463 0.355 0 0 0.7605126528389654 0.6493231128427812 0.014000000432133675 0.014000000432133675 0.009999999776482582
1698081394.6996598 66.71128330512092 18.078943832623935 0.352 0 0 0.7710022253274631 0.6368324493460582 0.014000000432133675 0.014000000432133675 0.009999999776482582
1698081395.2067313 66.52302234928884 19.115251293315023 0.348 0 0 0.7677042698956964 0.6408043024074633 0.014000000432133675 0.014000000432133675 0.009999999776482582
1698081395.6999063 66.32368723079284 20.161819263601995 0.41000000000000003 0 0 0.7704226106809446 0.6375335292763492 0.014000000432133675 0.014000000432133675 0.009999999776482582
1698081396.209796 66.15757487360916 21.167345342708362 0.41300000000000003 0 0 0.7625583090016655 0.6469194890962248 0.014000000432133675 0.014000000432133675 0.009999999776482582
1698081396.6920218 65.96931417471674 22.234434283803257 0.439 0 0 0.766074858050225 0.6427513608412879 0.014000000432133675 0.014000000432133675 0.009999999776482582
1698081397.20394 65.79212769030508 23.229699958487867 0.437 0 0 0.766574654969063 0.6421551980316458 0.014000000432133675 0.014000000432133675 0.009999999776482582
1698081397.7014077 65.614941337858 24.26600752906336 0.40800000000000003 0 0 0.7643732288940054 0.6447740433284768 0.014000000432133675 0.014000000432133675 0.009999999776482582
1698081398.2014267 65.43775503909715 25.29205465579555 0.41100000000000003 0 0 0.7649083512902944 0.644139126374391 0.014000000432133675 0.014000000432133675 0.009999999776482582
1698081398.694826 65.293791592027 26.338622684685134 0.433 0 0 0.7537487646957788 0.6571626889283867 0.014000000432133675 0.014000000432133675 0.009999999776482582
1698081399.205188 65.14982819832754 27.37493026543997 0.445 0 0 0.7541877008326034 0.6566589007337306 0.014000000432133675 0.014000000432133675 0.009999999776482582
1698081399.7025244 65.02801337387461 28.4112378255357 0.358 0 0 0.7472426680174461 0.6645512734877338 0.014000000432133675 0.014000000432133675 0.009999999776482582
1698081400.2065816 64.88405010346573 29.437284974961724 0.35 0 0 0.7546348784691967 0.6561449536480339 0.014000000432133675 0.014000000432133675 0.012000000104308128
1698081400.701846 64.69578998964552 30.50437411043115 0.336 0 0 0.7660746771466016 0.6427515764544884 0.014000000432133675 0.014000000432133675 0.009999999776482582
1698081401.2003074 64.50752995007376 31.57146327082357 0.311 0 0 0.7660746541758805 0.6427516038325422 0.014000000432133675 0.014000000432133675 0.009999999776482582
1698081401.7026236 64.30819582741536 32.679594359507064 0.331 0 0 0.767151097365087 0.6414664401288214 0.014000000432133675 0.014000000432133675 0.009999999776482582
1698081402.2056997 64.14208446347388 33.75694399507007 0.352 0 0 0.7590732870481716 0.6510051803863653 0.014000000432133675 0.014000000432133675 0.009999999776482582
1698081402.696934 63.998121649741705 34.824033134914586 0.349 0 0 0.7528945604422473 0.6581411557230524 0.014000000432133675 0.014000000432133675 0.009999999776482582
1698081403.2038407 63.83201051119407 35.932164224524804 0.337 0 0 0.7577089581586831 0.6525926253997075 0.014000000432133675 0.014000000432133675 0.009999999776482582
1698081403.6939929 63.73234504818236 37.08133705468296 0.355 0 0 0.7370222714201515 0.675868457194653 0.014000000432133675 0.014000000432133675 0.009999999776482582
1698081404.2044075 63.665902365649885 38.209988875940205 0.377 0 0 0.727587563985184 0.6860148225323603 0.014000000432133675 0.014000000432133675 0.009999999776482582
1698081404.697036 63.54408855191801 39.34890132091917 0.303 0 0 0.7437572477128004 0.6684498159732563 0.014000000432133675 0.014000000432133675 0.009999999776482582
1698081405.2075255 63.444423238480574 40.45703231552494 0.298 0 0 0.7380983780001207 0.6746931038580363 0.014000000432133675 0.014000000432133675 0.009999999776482582
1698081405.6955202 63.366906334177756 41.50360044570567 0.276 0 0 0.7327569081982035 0.6804904947813816 0.014000000432133675 0.014000000432133675 0.009999999776482582
1698081406.209993 63.23401823066553 42.53990827245629 0.276 0 0 0.7507299116580526 0.6606092640448608 0.014000000432133675 0.014000000432133675 0.009999999776482582
1698081406.7060516 63.045758598800276 43.453090635871504 0.236 0 0 0.7752134161831225 0.6316994216949173 0.014000000432133675 0.014000000432133675 0.009999999776482582
1698081407.208108 62.824275554589256 44.120021834880106 0.272 0 0 0.810915526633738 0.5851632324952819 0.014000000432133675 0.014000000432133675 0.009999999776482582
1698081407.7068746 62.61386594078804 44.49965985236245 0.242 0 0 0.8616152638096205 0.5075619540216524 0.014000000432133675 0.014000000432133675 0.012000000104308128
1698081408.2122815 62.48097525768984 44.6022649472311 0.28200000000000003 0 0 0.9464471963110248 0.32285864491291 0.014000000432133675 0.014000000432133675 0.01600000075995922
1698081408.7039876 62.35915800784399 44.427837309123454 0.219 0 0 -0.8867277265745712 0.46229204938425283 0.014000000432133675 0.014000000432133675 0.014000000432133675
1698081409.2091334 62.215192321416566 44.27393067177079 0.20500000000000002 0 0 -0.9173679881289887 0.3980401667623151 0.014000000432133675 0.014000000432133675 0.014999999664723873
1698081409.7000551 61.9937065076664 43.9866381404653 0.153 0 0 -0.8973744287563358 0.44126991129493537 0.014000000432133675 0.014000000432133675 0.013000000268220901
1698081410.2060225 61.83866598281508 43.62752211041556 0.136 0 0 -0.8355735764415031 0.5493785565097673 0.014000000432133675 0.014000000432133675 0.013000000268220901
1698081410.7014525 61.705773877656355 43.237624598005624 0.175 0 0 -0.8132078808928151 0.5819733176476538 0.014000000432133675 0.014000000432133675 0.012000000104308128
1698081411.207882 61.63932730418198 42.857987362010036 0.20500000000000002 0 0 -0.7656388349424714 0.6432706851924274 0.014000000432133675 0.014000000432133675 0.012000000104308128
1698081411.6973789 61.75006880649612 42.50913103702796 0.16999999999999998 0 0 -0.5905239594828159 0.8070201071080804 0.014000000432133675 0.014000000432133675 0.012000000104308128
1698081412.2085304 62.00477560800344 42.18079525533954 0.177 0 0 -0.4399191373524361 0.8980373893057507 0.014000000432133675 0.014000000432133675 0.01600000075995922
1698081412.699743 62.337002386340956 41.93454303544744 0.13 0 0 -0.313548996130745 0.9495720230848221 0.014000000432133675 0.014000000432133675 0.014000000432133675
1698081413.2116342 62.83534258973225 41.575425197223105 0.159 0 0 -0.3071703677017764 0.9516545408949382 0.014000000432133675 0.014000000432133675 0.014999999664723873
1698081413.7021196 63.37797926714736 41.02135833390081 0.21 0 0 -0.3874925206803202 0.9218728472066046 0.014000000432133675 0.014000000432133675 0.014999999664723873
1698081414.208985 63.89846732915799 40.415989221873424 0.175 0 0 -0.41716536870578996 0.908830597610227 0.014000000432133675 0.014000000432133675 0.01600000075995922
1698081414.6976397 64.3414350287359 39.56436909771569 0.11399999999999999 0 0 -0.5189145271336675 0.8548261305842506 0.014000000432133675 0.014000000432133675 0.01600000075995922
1698081415.2134695 64.59614041459608 38.661447159362545 0.14100000000000001 0 0 -0.6035334219790931 0.7973377004470602 0.014000000432133675 0.014000000432133675 0.017000000923871994
1698081415.6144042 64.72902898983301 37.70722321156373 0.07200000000000001 0 0 -0.6565316522086105 0.7542984751729465 0.014000000432133675 0.014000000432133675 0.01600000075995922
1698081416.2172024 64.85084332637948 36.73247836935355 0.037000000000000005 0 0 -0.6618134560481242 0.7496685596939741 0.014000000432133675 0.014000000432133675 0.014000000432133675
1698081416.7129831 64.88406385637265 35.809036097768576 -0.010000000000000009 0 0 -0.6942796941051712 0.7197052913194608 0.014000000432133675 0.014000000432133675 0.014000000432133675
1698081417.2174716 64.90621005259784 34.82403104263164 0.013999999999999985 0 0 -0.6991145642719342 0.7150096684820868 0.014000000432133675 0.014000000432133675 0.013000000268220901
1698081417.710421 64.96157901249306 33.818504977811656 0.05499999999999999 0 0 -0.68739312731143 0.7262855420046666 0.014000000432133675 0.014000000432133675 0.013000000268220901
1698081418.218148 65.03909649374654 32.792457935003625 0.07400000000000001 0 0 -0.6799503856462329 0.7332581217139972 0.014000000432133675 0.014000000432133675 0.013000000268220901
1698081418.7110612 65.18305960184199 31.797192168598343 0.026999999999999996 0 0 -0.6545387653491441 0.7560284416972803 0.014000000432133675 0.014000000432133675 0.012000000104308128
1698081419.2111251 65.338096940334 30.760884525504736 -0.03600000000000003 0 0 -0.6527025035581343 0.7576143094272597 0.014000000432133675 0.014000000432133675 0.014000000432133675
1698081419.709335 65.45991156320711 29.704056031769714 -0.069 0 0 -0.6653922985841545 0.746493863996815 0.014000000432133675 0.014000000432133675 0.01600000075995922
1698081420.214897 65.57065193410088 28.60618570410043 -0.03400000000000003 0 0 -0.6706865526246303 0.7417408901553756 0.014000000432133675 0.014000000432133675 0.014000000432133675
1698081420.7347925 65.70354080754316 27.467273476912457 -0.006000000000000005 0 0 -0.664870559979843 0.7469585922071517 0.014000000432133675 0.014000000432133675 0.01600000075995922
1698081421.2156165 65.85857824539454 26.318100763745623 0.017999999999999988 0 0 -0.6581409660961843 0.7528947262041229 0.014000000432133675 0.014000000432133675 0.017000000923871994
1698081421.7104666 66.04683853540875 25.179188487550864 -0.019000000000000017 0 0 -0.6468827926906042 0.7625894390304685 0.014000000432133675 0.014000000432133675 0.014999999664723873
1698081422.2171152 66.2018761325785 24.01975535714643 -0.0050000000000000044 0 0 -0.6585822807872401 0.7525087238252303 0.014000000432133675 0.014000000432133675 0.01600000075995922
1698081422.7111297 66.31261677629281 22.829540912351142 0.036000000000000004 0 0 -0.6735568044514249 0.7391354619940685 0.014000000432133675 0.014000000432133675 0.014999999664723873
1698081423.213211 66.47872872808324 21.61880547157088 -0.02100000000000002 0 0 -0.6572952645818685 0.7536331568861945 0.014000000432133675 0.014000000432133675 0.014999999664723873
1698081423.7005417 66.64484072224313 20.367028186653048 -0.0020000000000000018 0 0 -0.6589583730930961 0.7521794084728057 0.014000000432133675 0.014000000432133675 0.014000000432133675
1698081424.2163794 66.799878622533 19.156292813770914 -0.020000000000000018 0 0 -0.6606755863999713 0.7506715457076112 0.014000000432133675 0.014000000432133675 0.014999999664723873
1698081424.7049763 66.98813936662324 17.945557426125077 -0.09700000000000003 0 0 -0.6505203504898328 0.7594888238799733 0.014000000432133675 0.014000000432133675 0.014000000432133675
1698081425.2170737 67.17640026529989 16.786124403438183 -0.09900000000000003 0 0 -0.647968298737169 0.7616673052138047 0.014000000432133675 0.014000000432133675 0.013000000268220901
1698081425.7374227 67.35358704638932 15.667733291399603 -0.067 0 0 -0.6494311246564849 0.7604204194571665 0.014000000432133675 0.014000000432133675 0.012000000104308128
1698081426.2231903 67.50862532278718 14.456998021867445 -0.008000000000000007 0 0 -0.6606754676485794 0.7506716502222066 0.014000000432133675 0.014000000432133675 0.014000000432133675
1698081426.7147825 67.71903493256634 13.236002263999739 -0.068 0 0 -0.6442735728221269 0.7647951120156375 0.014000000432133675 0.014000000432133675 0.013000000268220901
1698081427.2204819 67.88514764559393 12.015006573862664 -0.08000000000000002 0 0 -0.6577214038422724 0.7532612793232839 0.014000000432133675 0.014000000432133675 0.014999999664723873
1698081427.7154727 67.98481501482391 10.86583422498185 -0.04199999999999998 0 0 -0.6758678371958922 0.7370228399745472 0.014000000432133675 0.014000000432133675 0.012000000104308128
1698081428.2159503 68.08448242638255 9.644838626221722 -0.056999999999999995 0 0 -0.6777324735508395 0.7353085708018509 0.014000000432133675 0.014000000432133675 0.012000000104308128
1698081428.7160985 68.25059541861098 8.403322071867757 -0.11199999999999999 0 0 -0.6585527072752668 0.7525346050119003 0.014000000432133675 0.014000000432133675 0.012000000104308128
1698081429.1290925 68.38348579959538 7.2336288254981 -0.132 0 0 -0.6660010844566258 0.745950772841344 0.014000000432133675 0.014000000432133675 0.013000000268220901
1698081429.7166502 68.51637627168924 6.063935601183995 -0.138 0 0 -0.6660010549863016 0.7459507991530897 0.014000000432133675 0.014000000432133675 0.012000000104308128
1698081430.222807 68.72678657574221 4.894242370863138 -0.16699999999999998 0 0 -0.6414657448632399 0.7671516787226949 0.014000000432133675 0.014000000432133675 0.012000000104308128
1698081430.7342992 68.92612272426103 3.734809642751001 -0.14 0 0 -0.6444223625722334 0.7646697448028272 0.014000000432133675 0.014000000432133675 0.012000000104308128
1698081431.222319 69.12545895535594 2.5343350810907483 -0.122 0 0 -0.6466045904802714 0.7628253427684745 0.014000000432133675 0.014000000432133675 0.012000000104308128
1698081431.7149904 69.33586952474431 1.2722977562209066 -0.189 0 0 -0.6463540085973707 0.7630376763765405 0.014000000432133675 0.014000000432133675 0.014999999664723873
1698081432.220769 69.55735444895527 0.08208372448725602 -0.181 0 0 -0.6391605278100234 0.7690733513063707 0.014000000432133675 0.014000000432133675 0.01600000075995922
1698081432.7082632 69.75669097193588 -1.14917213495751 -0.238 0 0 -0.6481450367859564 0.7615169146445345 0.014000000432133675 0.014000000432133675 0.014999999664723873
1698081433.2212372 69.90065635898382 -2.431730297456474 -0.16400000000000003 0 0 -0.6665027820230289 0.7455025429571402 0.014000000432133675 0.014000000432133675 0.019999999552965164
1698081433.718219 70.0556961099828 -3.7348093636162467 -0.11299999999999999 0 0 -0.6640232547423046 0.7477119212380102 0.014000000432133675 0.014000000432133675 0.014999999664723873
1698081434.2258384 70.18858744356375 -4.9455442247429255 -0.09600000000000003 0 0 -0.6674182971589306 0.744683030971885 0.014000000432133675 0.014000000432133675 0.01600000075995922
1698081434.7217925 70.33255311552914 -6.13575812825182 -0.07800000000000001 0 0 -0.6632938442528847 0.7483590556519175 0.014000000432133675 0.014000000432133675 0.014999999664723873
1698081435.2323341 70.42114762744959 -7.305451107106514 -0.062 0 0 -0.6798803742807928 0.733323037049709 0.014000000432133675 0.014000000432133675 0.014000000432133675
1698081435.7368398 70.47651945913316 -8.434102230206996 -0.061 0 0 -0.6895646275836925 0.7242241534120244 0.014000000432133675 0.014000000432133675 0.012000000104308128
1698081436.228441 70.5651140770092 -9.490930069507439 -0.06 0 0 -0.6769277361407828 0.7360494820617122 0.014000000432133675 0.014000000432133675 0.010999999940395355
1698081436.719597 70.70907995651395 -10.465674138106303 -0.010000000000000009 0 0 -0.653409888079891 0.7570043052449731 0.014000000432133675 0.014000000432133675 0.010999999940395355
1698081437.2228801 70.99701099541849 -11.255729716092802 -0.007000000000000006 0 0 -0.5734050946363932 0.8192719923474919 0.014000000432133675 0.014000000432133675 0.012000000104308128
1698081437.7236156 71.37353594433483 -11.89187822803292 0.07600000000000001 0 0 -0.4953030194589858 0.8687202765647937 0.014000000432133675 0.014000000432133675 0.012000000104308128
1698081438.232771 71.90510017931263 -12.250994051382142 0.10300000000000001 0 0 -0.29272466124027985 0.9561967750948355 0.014000000432133675 0.014000000432133675 0.013000000268220901
1698081438.7237775 72.52525821818404 -12.374119111968763 0.11399999999999999 0 0 -0.0978380291305202 0.9952023513114584 0.014000000432133675 0.014000000432133675 0.013000000268220901
1698081439.238358 73.16756452963727 -12.220211638818036 0.153 0 0 0.11732055973961247 0.9930940973857332 0.014000000432133675 0.014000000432133675 0.01600000075995922
1698081439.7272887 73.9981330508112 -12.035522639550063 0.16799999999999998 0 0 0.10918418185509009 0.994021536201623 0.014000000432133675 0.014000000432133675 0.014000000432133675
1698081440.2343338 74.97266688515023 -11.943177705763478 0.203 0 0 0.04722041530311091 0.9988844940124968 0.014000000432133675 0.014000000432133675 0.014000000432133675
1698081440.7352905 76.01364627839448 -11.932916422417724 0.191 0 0 0.0049284882768829965 0.9999878549279009 0.014000000432133675 0.014000000432133675 0.010999999940395355
1698081441.240312 77.17644244368974 -11.963696885335994 0.213 0 0 -0.01323206050161095 0.9999124524551546 0.014000000432133675 0.014000000432133675 0.009999999776482582
1698081441.725632 78.31709014527034 -12.035519200243384 0.23 0 0 -0.03143643886142747 0.9995057530158151 0.014000000432133675 0.014000000432133675 0.010999999940395355
1698081442.234771 79.5352576007536 -12.11760190191628 0.244 0 0 -0.03363386255039764 0.9994342215923672 0.014000000432133675 0.014000000432133675 0.010999999940395355
1698081442.7262807 80.79772198783226 -12.117600889761142 0.256 0 0 4.008648278431558e-07 0.9999999999999196 0.014000000432133675 0.014000000432133675 0.009999999776482582
1698081443.231772 82.0048150494606 -12.014995348934312 0.266 0 0 0.042386466801032176 0.9991012898761191 0.014000000432133675 0.014000000432133675 0.010999999940395355
1698081443.726387 83.12331406556686 -11.84056670089918 0.248 0 0 0.07727427111673638 0.9970098730821962 0.014000000432133675 0.014000000432133675 0.010999999940395355
1698081444.2338493 84.20859029730072 -11.614835826101524 0.14600000000000002 0 0 0.1023554722957308 0.9947478862963811 0.014000000432133675 0.014000000432133675 0.012000000104308128
1698081444.7232594 85.30494075236273 -11.348063155055419 0.05299999999999999 0 0 0.11906152630864143 0.9928868782258413 0.014000000432133675 0.014000000432133675 0.010999999940395355
1698081445.233482 86.39021693472428 -11.040248715147648 0.04799999999999999 0 0 0.13774541333089255 0.9904676678752828 0.014000000432133675 0.014000000432133675 0.010999999940395355
1698081445.7342849 87.53086434808236 -10.701652918721182 0.063 0 0 0.1437799705097181 0.989609680672246 0.014000000432133675 0.014000000432133675 0.009999999776482582
1698081446.2261114 88.7047344826716 -10.311754887577742 0.04200000000000001 0 0 0.15965529864538036 0.9871728245927632 0.014000000432133675 0.014000000432133675 0.009999999776482582
1698081446.7263465 89.90075315355186 -9.962898710210997 0.045999999999999985 0 0 0.14142799204750814 0.9899485456655865 0.014000000432133675 0.014000000432133675 0.009999999776482582
1698081447.2273827 91.09677178400155 -9.531958979149794 0.025999999999999995 0 0 0.17205542250414985 0.9850872710511077 0.014000000432133675 0.014000000432133675 0.009999999776482582
1698081447.720356 92.28171615862948 -9.070237972706991 0.03900000000000001 0 0 0.18471203226522065 0.982792686753647 0.014000000432133675 0.014000000432133675 0.009999999776482582
1698081448.2324162 93.49988326813859 -8.557214774444933 0.11099999999999999 0 0 0.19798306623401982 0.9802054404483663 0.014000000432133675 0.014000000432133675 0.009999999776482582
1698081448.7233014 94.70697612467944 -8.003149868615195 0.139 0 0 0.21350346129571246 0.9769423074136723 0.014000000432133675 0.014000000432133675 0.009999999776482582
1698081449.231848 95.86977199884636 -7.428564178983135 0.129 0 0 0.2274662341740511 0.973785968429755 0.014000000432133675 0.014000000432133675 0.012000000104308128
1698081449.7263467 97.0547163926012 -6.853978566125347 0.211 0 0 0.22383688442796687 0.9746266203883316 0.014000000432133675 0.014000000432133675 0.010999999940395355
1698081450.2334187 98.21751235922578 -6.392257961039884 0.238 0 0 0.18786933580696474 0.9821940300487729 0.014000000432133675 0.014000000432133675 0.010999999940395355
1698081450.7337708 99.33601137367853 -6.002360563839921 0.184 0 0 0.16692393428600066 0.9859697764954476 0.014000000432133675 0.014000000432133675 0.013000000268220901
1698081451.2290366 100.44343616889905 -5.663765450076208 0.191 0 0 0.14781814053655185 0.9890145587039233 0.014000000432133675 0.014000000432133675 0.012000000104308128
1698081451.6290476 101.53978673063241 -5.345691277899189 0.21 0 0 0.14071588089831974 0.9900500193742788 0.014000000432133675 0.014000000432133675 0.009999999776482582
1698081452.229146 102.61398880252625 -5.027617159251967 0.233 0 0 0.14344221203705051 0.9896586946043155 0.014000000432133675 0.014000000432133675 0.009999999776482582
1698081452.724041 103.74356210911803 -4.647980413350478 0.268 0 0 0.16140498023333374 0.9868882572793524 0.014000000432133675 0.014000000432133675 0.009999999776482582
1698081453.2300363 104.92850667194345 -4.2580832690812 0.28300000000000003 0 0 0.15827356388631392 0.9873953002595895 0.014000000432133675 0.014000000432133675 0.012000000104308128
1698081453.7240338 106.16882249108991 -3.868186170229376 0.254 0 0 0.1516981658637938 0.9884268645041782 0.014000000432133675 0.014000000432133675 0.013000000268220901
1698081454.227023 107.3426928301468 -3.488549590086093 0.251 0 0 0.15575793081318876 0.9877952556014804 0.014000000432133675 0.014000000432133675 0.012000000104308128
1698081454.7212183 108.49441467951083 -3.108913074875489 0.292 0 0 0.1585330671990101 0.9873536684514187 0.014000000432133675 0.014000000432133675 0.009999999776482582
1698081455.218004 109.66828505131588 -2.790839243209917 0.319 0 0 0.13191831033919063 0.9912605910643543 0.014000000432133675 0.014000000432133675 0.009999999776482582
1698081455.7347949 110.85322969554747 -2.565109397724468 0.432 0 0 0.09398247563581481 0.995573851742483 0.014000000432133675 0.014000000432133675 0.009999999776482582
1698081456.227557 112.12676833789834 -2.318858700276042 0.472 0 0 0.09535605321281276 0.9954432294790473 0.014000000432133675 0.014000000432133675 0.010999999940395355
1698081456.7244036 113.44460397639597 -2.0213058577583176 0.406 0 0 0.11080466783389549 0.9938422035646404 0.014000000432133675 0.014000000432133675 0.010999999940395355
1698081457.2284598 114.7070683712923 -1.6929717703689051 0.43 0 0 0.1268757710494664 0.9919186149682863 0.014000000432133675 0.014000000432133675 0.010999999940395355
1698081457.7226086 115.96953277426091 -1.3543773028591122 0.41900000000000004 0 0 0.13064274121678784 0.9914295104380156 0.014000000432133675 0.014000000432133675 0.010999999940395355
1698081458.2318916 117.27629418588968 -1.0260433230335213 0.513 0 0 0.12277053296395762 0.9924350841419028 0.014000000432133675 0.014000000432133675 0.012000000104308128
1698081458.724932 118.63842685483608 -0.7182302608057596 0.5489999999999999 0 0 0.11089437063917353 0.9938321983919326 0.014000000432133675 0.014000000432133675 0.009999999776482582
1698081459.2279832 120.01163377992235 -0.32833380476234353 0.513 0 0 0.13788454672378453 0.9904483084819603 0.014000000432133675 0.014000000432133675 0.010999999940395355
1698081459.7166162 121.29624672039876 0.03078129112431007 0.614 0 0 0.13587464720372644 0.990726036928102 0.014000000432133675 0.014000000432133675 0.010999999940395355
1698081460.2315767 122.56978542337791 0.44119847428572717 0.62 0 0 0.15524769437983038 0.9878755758645654 0.014000000432133675 0.014000000432133675 0.010999999940395355
1698081460.7326345 123.89869539145938 0.9234385849260702 0.577 0 0 0.17317567662090658 0.9848909508300354 0.014000000432133675 0.014000000432133675 0.009999999776482582
1698081461.2285068 125.11686288933826 1.487762045258765 0.569 0 0 0.2152144355021436 0.9765668163272259 0.014000000432133675 0.014000000432133675 0.010999999940395355
1698081461.728119 126.26858491064908 2.0418249971173466 0.6000000000000001 0 0 0.2223226023772681 0.9749731588470522 0.014000000432133675 0.014000000432133675 0.009999999776482582
1698081462.2364788 127.44245544768319 2.565106580669333 0.632 0 0 0.2081344332242151 0.9781002288653422 0.014000000432133675 0.014000000432133675 0.009999999776482582
1698081462.7264433 128.60525175230435 3.078127660277489 0.6779999999999999 0 0 0.20626293582108485 0.9784966026034363 0.014000000432133675 0.014000000432133675 0.009999999776482582
1698081463.2370467 129.8012708278053 3.601409077153862 0.675 0 0 0.20475492039071663 0.9788132725784787 0.014000000432133675 0.014000000432133675 0.009999999776482582
1698081463.7300925 131.03051267378427 4.134950826861159 0.664 0 0 0.2033242154612849 0.9791114662831056 0.014000000432133675 0.014000000432133675 0.010999999940395355
1698081464.2319129 132.30405153130306 4.637711207418202 0.679 0 0 0.18689123922555875 0.9823806109144942 0.014000000432133675 0.014000000432133675 0.010999999940395355
1698081464.636089 133.5775903752507 5.048127701991216 0.683 0 0 0.15524743647785608 0.9878756163946218 0.014000000432133675 0.014000000432133675 0.009999999776482582
1698081465.1373296 134.85112923527532 5.468804550966317 0.688 0 0 0.15884291918667037 0.9873038676234672 0.014000000432133675 0.014000000432133675 0.009999999776482582
1698081465.6334345 136.12466808589195 5.827918804323453 0.599 0 0 0.13699042035984624 0.9905723722826276 0.014000000432133675 0.014000000432133675 0.009999999776482582
1698081466.246952 137.34283564424243 6.05364756558041 0.5700000000000001 0 0 0.09148373745620611 0.995806570464889 0.014000000432133675 0.014000000432133675 0.009999999776482582
1698081466.732603 138.48348343813672 6.228074228626097 0.497 0 0 0.07579894657078758 0.9971231216348154 0.014000000432133675 0.014000000432133675 0.009999999776482582
1698081467.2446897 139.60198274003508 6.412761293681174 0.457 0 0 0.08173065169491762 0.9966544539475676 0.014000000432133675 0.014000000432133675 0.009999999776482582
1698081467.7330322 140.72048201466853 6.525625410103631 0.477 0 0 0.050261980805621824 0.9987360678805464 0.014000000432133675 0.014000000432133675 0.012000000104308128
1698081468.2394416 141.77253569503654 6.412760372697508 0.454 0 0 -0.05341053958724962 0.9985726384500022 0.014000000432133675 0.014000000432133675 0.013000000268220901
1698081468.7247899 142.66954980406643 6.115207928572045 0.372 0 0 -0.159462712452657 0.9872039522496054 0.014000000432133675 0.014000000432133675 0.014000000432133675
1698081469.239489 143.27863327020896 5.396978592303358 0.366 0 0 -0.420251201831929 0.9074078065339858 0.014000000432133675 0.014000000432133675 0.014000000432133675
1698081469.6324723 143.47796946541408 4.473541131067939 0.454 0 0 -0.6280910946041743 0.7781398183353234 0.014000000432133675 0.014000000432133675 0.010999999940395355
1698081470.240948 143.2897069656645 3.5193225388884954 0.486 0 0 -0.7725165509196118 0.6349946287609579 0.014000000432133675 0.014000000432133675 0.010999999940395355
1698081470.7333682 142.7581427958247 2.636926892800327 0.488 0 0 -0.8706356900561576 0.49192834356279797 0.014000000432133675 0.014000000432133675 0.009999999776482582
1698081471.2423527 141.98294518869497 1.8058332950901854 0.514 0 0 -0.9170844866913066 0.39869291976425003 0.014000000432133675 0.014000000432133675 0.010999999940395355
1698081471.7371552 141.07485663935398 1.1081250434068282 0.473 0 0 -0.9468290496319476 0.321737083304152 0.014000000432133675 0.014000000432133675 0.009999999776482582
1698081472.2454126 140.0338771259686 0.4206771286661137 0.42300000000000004 0 0 -0.9577216283185123 0.28769651136386304 0.014000000432133675 0.014000000432133675 0.010999999940395355
1698081472.7365477 138.89322939658953 -0.19494795256575873 0.397 0 0 -0.9695385776358428 0.24493865859816139 0.014000000432133675 0.014000000432133675 0.012000000104308128
1698081473.234421 137.69721044238796 -0.7695314517633849 0.399 0 0 -0.9750327295022074 0.2220611996713412 0.014000000432133675 0.014000000432133675 0.013000000268220901
1698081473.7368424 136.42367176558264 -1.3543754698721604 0.35 0 0 -0.9769229210865069 0.2135921493309309 0.014000000432133675 0.014000000432133675 0.013000000268220901
1698081474.1480954 135.09476185611783 -1.8776570676040532 0.366 0 0 -0.98246193556478 0.18646325419853144 0.014000000432133675 0.014000000432133675 0.013000000268220901
1698081474.7327058 133.69940646259943 -2.359897077672021 0.384 0 0 -0.9861913314927017 0.1656099564900983 0.014000000432133675 0.014000000432133675 0.010999999940395355
1698081475.241243 132.3261995837035 -2.8318767502231035 0.364 0 0 -0.9863314205226299 0.16477356854122907 0.014000000432133675 0.014000000432133675 0.012000000104308128
1698081475.736645 130.98621547147454 -3.3038565027355564 0.383 0 0 -0.9856980511876574 0.16852107252463822 0.014000000432133675 0.014000000432133675 0.010999999940395355
1698081476.2437541 129.5908601296273 -3.786096775578031 0.369 0 0 -0.9861913166159633 0.1656100450796171 0.014000000432133675 0.014000000432133675 0.010999999940395355
1698081476.7367716 128.16228205426853 -4.258076723091936 0.384 0 0 -0.9872993378093194 0.15887107213485793 0.014000000432133675 0.014000000432133675 0.009999999776482582
1698081477.2421825 126.70048124056888 -4.7095359148762155 0.391 0 0 -0.9888050554960469 0.14921314360826107 0.014000000432133675 0.014000000432133675 0.009999999776482582
1698081477.73223 125.19438343680694 -5.1404743531348 0.39 0 0 -0.9903076607674427 0.1388910977180168 0.014000000432133675 0.014000000432133675 0.010999999940395355
1698081478.2476008 123.68828564899137 -5.571412878780662 0.374 0 0 -0.9903076568485086 0.13889112566041278 0.014000000432133675 0.014000000432133675 0.010999999940395355
1698081478.7327316 122.13789087328345 -5.992091077132828 0.344 0 0 -0.9912375629637065 0.1320912327513531 0.014000000432133675 0.014000000432133675 0.009999999776482582
1698081479.1497006 120.56534759870058 -6.381988078561704 0.332 0 0 -0.9926255704553092 0.121220777419847 0.014000000432133675 0.014000000432133675 0.009999999776482582
1698081479.7341678 118.98173008501865 -6.76162473318084 0.333 0 0 -0.9930879633287657 0.1173724716086528 0.014000000432133675 0.014000000432133675 0.009999999776482582
1698081480.2501893 117.36488983934481 -7.151521917069508 0.322 0 0 -0.9930089521099286 0.11803906569242902 0.014000000432133675 0.014000000432133675 0.009999999776482582
1698081480.8244066 115.74804961108703 -7.551679619505797 0.274 0 0 -0.9926510599297194 0.12101187222915202 0.014000000432133675 0.014000000432133675 0.010999999940395355
1698081481.250931 114.1865806336075 -7.9313165060379225 0.262 0 0 -0.9928981081428279 0.11896783954663244 0.014000000432133675 0.014000000432133675 0.010999999940395355
1698081481.737795 112.64726014402571 -8.2699117143686 0.28600000000000003 0 0 -0.9941458214603317 0.10804668284108654 0.014000000432133675 0.014000000432133675 0.009999999776482582
1698081482.241767 111.14116238523631 -8.557204785998254 0.272 0 0 -0.9955622793586072 0.0941049834934083 0.014000000432133675 0.014000000432133675 0.009999999776482582
1698081482.741851 109.62399035423515 -8.79319572781157 0.22 0 0 -0.9970250282317942 0.07707848648870815 0.014000000432133675 0.014000000432133675 0.014000000432133675
1698081483.251008 108.0625212593381 -8.906061471204692 0.224 0 0 -0.9993492545601345 0.036070312032247295 0.014000000432133675 0.014000000432133675 0.013000000268220901
1698081483.7356205 106.4899778388922 -8.885541516532502 0.228 0 0 0.9999787182822303 0.006524031163930115 0.014000000432133675 0.014000000432133675 0.013000000268220901
1698081484.251645 104.96173139507317 -8.823979764735105 0.217 0 0 0.9997973899367664 0.020129060475581127 0.014000000432133675 0.014000000432133675 0.013000000268220901
1698081484.737201 103.51100466428272 -8.70085530098295 0.188 0 0 0.9991040503419943 0.0423213491068246 0.014000000432133675 0.014000000432133675 0.009999999776482582
1698081485.2411854 102.08242642312321 -8.557209915046307 0.164 0 0 0.9987448955127323 0.050086262460494746 0.014000000432133675 0.014000000432133675 0.009999999776482582
1698081485.8302658 100.75351645167086 -8.454606221772176 0.192 0 0 0.999257887664883 0.03851848828181118 0.014000000432133675 0.014000000432133675 0.009999999776482582
1698081486.2521539 99.51320045469436 -8.310960682888313 0.20800000000000002 0 0 0.9983386990791122 0.05761806939689923 0.014000000432133675 0.014000000432133675 0.009999999776482582
1698081486.7351353 98.27288447763816 -8.198096456916693 0.16999999999999998 0 0 0.9989708122724835 0.04535764795108412 0.014000000432133675 0.014000000432133675 0.009999999776482582
1698081487.2430136 97.17653378687737 -8.167315711399693 0.13 0 0 0.9999015231783918 0.01403367184780944 0.014000000432133675 0.014000000432133675 0.009999999776482582
1698081487.7366648 96.19092560079913 -8.157055795611761 0.094 0 0 0.9999864556973863 0.005204653857766881 0.014000000432133675 0.014000000432133675 0.009999999776482582
1698081488.2392147 95.31605990320351 -8.136535371290758 0.091 0 0 0.9999312558599771 0.011725338131119482 0.014000000432133675 0.014000000432133675 0.009999999776482582
1698081488.739267 94.50763968356571 -8.085233563209902 0.09 0 0 0.9994980034281619 0.03168187404681218 0.014000000432133675 0.014000000432133675 0.009999999776482582
1698081489.246503 93.79888770815114 -8.033931696630653 0.094 0 0 0.9993474301173395 0.03612082388137529 0.014000000432133675 0.014000000432133675 0.014999999664723873
1698081489.7389283 93.32269495628422 -7.962108803296847 0.065 0 0 0.9972000837927208 0.07477962880217198 0.014000000432133675 0.014000000432133675 0.012000000104308128
1698081490.2465596 93.1344326825714 -7.8902857550402565 0.010000000000000009 0 0 0.9834418585237827 0.18122392475412316 0.014000000432133675 0.014000000432133675 0.013000000268220901
1698081490.8279157 93.24517514181295 -7.828723000695829 -0.10099999999999998 0 0 0.25097209331419934 0.9679943224923836 0.014000000432133675 0.014000000432133675 0.013000000268220901
1698081491.2400246 93.07906128955145 -7.6029931946208 -0.139 0 0 0.8923859863080047 0.4512729234521939 0.014000000432133675 0.014000000432133675 0.01600000075995922
1698081491.7395682 92.84650200569055 -7.500388813729099 -0.134 0 0 0.9784965451219194 0.2062632085090976 0.014000000432133675 0.014000000432133675 0.014000000432133675
1698081492.249128 92.69146243149541 -7.325961240813615 -0.194 0 0 0.9122353606062082 0.4096665068804883 0.014000000432133675 0.014000000432133675 0.013000000268220901
1698081492.7385595 92.62501691166914 -7.2746590232786446 -0.243 0 0 0.946447907968954 0.3228565587086476 0.014000000432133675 0.014000000432133675 0.009999999776482582
1698081493.2432077 92.66931389382293 -7.2438776525677495 -0.244 0 0 0.2989984194674655 0.9542536063101661 0.014000000432133675 0.014000000432133675 0.010999999940395355
1698081493.7390032 92.61394260417816 -7.151533629014879 -0.251 0 0 0.8701309875389702 0.4928205195854333 0.014000000432133675 0.014000000432133675 0.010999999940395355
1698081494.243109 92.5253486057338 -7.141273221540973 -0.33699999999999997 0 0 0.9983386952303571 0.05761813608359902 0.014000000432133675 0.014000000432133675 0.013000000268220901
1698081494.6578438 92.46997736490404 -7.151533697152423 -0.33399999999999996 0 0 -0.9958065069198517 0.09148442914552936 0.014000000432133675 0.014000000432133675 0.012000000104308128
1698081495.2435741 92.46997736976854 -7.161794148069866 -0.387 0 0 -0.707106613566049 0.7071069488070063 0.014000000432133675 0.014000000432133675 0.009999999776482582
1698081495.7357566 92.45890311552061 -7.151533702398627 -0.44000000000000006 0 0 0.9310063857668875 0.3650028899355146 0.014000000432133675 0.014000000432133675 0.013000000268220901
1698081496.2449074 92.44782886046106 -7.141273258107195 -0.45399999999999996 0 0 0.9310064046707414 0.36500284171778685 0.014000000432133675 0.014000000432133675 0.014000000432133675
1698081496.7408628 92.4478288656892 -7.1515337076101755 -0.44800000000000006 0 0 -0.7071066010357036 0.7071069613373455 0.014000000432133675 0.014000000432133675 0.012000000104308128
1698081497.2474349 92.44782887052679 -7.161794158540539 -0.45100000000000007 0 0 -0.7071066144934957 0.7071069478795601 0.014000000432133675 0.014000000432133675 0.012000000104308128
1698081497.7396677 92.44782887557948 -7.172054608028949 -0.45000000000000007 0 0 -0.7071066070817345 0.7071069552913177 0.014000000432133675 0.014000000432133675 0.013000000268220901
1698081498.2507544 92.44782887557948 -7.172054608028949 -0.44700000000000006 0 0 0.0 1.0 0.014000000432133675 0.014000000432133675 0.012000000104308128
1698081498.7448497 92.45890312038352 -7.161794153323475 -0.476 0 0 0.3650032921844593 0.9310062280642951 0.014000000432133675 0.014000000432133675 0.010999999940395355
1698081499.2517836 92.45890312038352 -7.161794153323475 -0.475 0 0 0.0 1.0 0.014000000432133675 0.014000000432133675 0.010999999940395355
1698081499.7463987 92.44782887052679 -7.161794158540539 -0.473 0 0 -0.9999999999999722 2.355493229967989e-07 0.014000000432133675 0.014000000432133675 0.009999999776482582
1698081500.246384 92.44782887052679 -7.161794158540539 -0.473 0 0 0.0 1.0 0.014000000432133675 0.014000000432133675 0.009999999776482582
1698081500.8222034 92.44782887052679 -7.161794158540539 -0.475 0 0 0.0 1.0 0.014000000432133675 0.014000000432133675 0.009999999776482582
1698081501.2553592 92.44782887052679 -7.161794158540539 -0.46599999999999997 0 0 0.0 1.0 0.014000000432133675 0.014000000432133675 0.010999999940395355
1698081501.7454238 92.44782887557948 -7.172054608028949 -0.475 0 0 -0.7071066070817345 0.7071069552913177 0.014000000432133675 0.014000000432133675 0.009999999776482582
1698081502.2554903 92.44782887557948 -7.172054608028949 -0.469 0 0 0.0 1.0 0.014000000432133675 0.014000000432133675 0.009999999776482582
1698081502.7446854 92.43675461220766 -7.1412732633786105 -0.472 0 0 0.8180860188293484 0.5750958753077151 0.014000000432133675 0.014000000432133675 0.009999999776482582
1698081503.2587113 92.43675461220766 -7.1412732633786105 -0.45699999999999996 0 0 0.0 1.0 0.014000000432133675 0.014000000432133675 0.009999999776482582
1698081503.748316 92.4367546219583 -7.161794163802696 -0.41400000000000003 0 0 -0.707106613193394 0.7071069491796612 0.014000000432133675 0.014000000432133675 0.012000000104308128
1698081504.2561612 92.4367546219583 -7.161794163802696 -0.41500000000000004 0 0 0.0 1.0 0.014000000432133675 0.014000000432133675 0.012000000104308128
1698081504.7388144 92.44782887052679 -7.161794158540539 -0.45199999999999996 0 0 2.375852817404298e-07 0.9999999999999718 0.014000000432133675 0.014000000432133675 0.010999999940395355
1698081505.256723 92.44782887052679 -7.161794158540539 -0.44300000000000006 0 0 0.0 1.0 0.014000000432133675 0.014000000432133675 0.012000000104308128
1698081505.6460943 92.42568036281129 -7.141273268616284 -0.45999999999999996 0 0 0.931006388849303 0.36500288207325204 0.014000000432133675 0.014000000432133675 0.009999999776482582
1698081506.2536395 92.42568036783754 -7.151533718118743 -0.45799999999999996 0 0 -0.7071066079925323 0.7071069543805203 0.014000000432133675 0.014000000432133675 0.010999999940395355
1698081506.746477 92.42568038715362 -7.192575518978365 -0.44500000000000006 0 0 -0.7071066147887587 0.7071069475842973 0.014000000432133675 0.014000000432133675 0.012000000104308128
1698081507.2570562 92.42568038271598 -7.182315069523752 -0.45399999999999996 0 0 0.7071069340981458 0.7071066282749161 0.014000000432133675 0.014000000432133675 0.012000000104308128
1698081507.7452357 92.42568037255724 -7.1617941690550495 -0.477 0 0 0.7071069562109162 0.7071066061621355 0.014000000432133675 0.014000000432133675 0.010999999940395355
1698081508.2604823 92.42568037255724 -7.1617941690550495 -0.475 0 0 0.0 1.0 0.014000000432133675 0.014000000432133675 0.012000000104308128
1698081508.749172 92.42568037255724 -7.1617941690550495 -0.46699999999999997 0 0 0.0 1.0 0.014000000432133675 0.014000000432133675 0.010999999940395355
1698081509.2511482 92.42568037255724 -7.1617941690550495 -0.47 0 0 0.0 1.0 0.014000000432133675 0.014000000432133675 0.012000000104308128
1698081509.6522481 92.41460612853726 -7.172054623789097 -0.469 0 0 -0.9310062213690213 0.3650033092619529 0.014000000432133675 0.014000000432133675 0.012000000104308128
1698081510.2615812 92.41460612853726 -7.172054623789097 -0.46699999999999997 0 0 0.0 1.0 0.014000000432133675 0.014000000432133675 0.012000000104308128
1698081510.8254285 92.40353187933766 -7.172054629037204 -0.44600000000000006 0 0 -0.9999999999999719 2.3695090939929298e-07 0.014000000432133675 0.014000000432133675 0.009999999776482582
1698081511.258245 92.40353187933766 -7.172054629037204 -0.44900000000000007 0 0 0.0 1.0 0.014000000432133675 0.014000000432133675 0.009999999776482582
1698081511.7492368 92.40353187933766 -7.172054629037204 -0.484 0 0 0.0 1.0 0.014000000432133675 0.014000000432133675 0.009999999776482582
1698081512.2595744 92.40353187443115 -7.161794179530062 -0.489 0 0 0.7071069502545112 0.7071066121185434 0.014000000432133675 0.014000000432133675 0.009999999776482582
1698081512.7504299 92.39245763068425 -7.172054634327705 -0.492 0 0 -0.9310062185614996 0.3650033164230392 0.014000000432133675 0.014000000432133675 0.009999999776482582
1698081513.2569475 92.39245763068425 -7.172054634327705 -0.488 0 0 0.0 1.0 0.014000000432133675 0.014000000432133675 0.009999999776482582
1698081513.7458103 92.40353187443115 -7.161794179530062 -0.486 0 0 0.36500331642303907 0.9310062185614997 0.014000000432133675 0.014000000432133675 0.009999999776482582
1698081514.2631614 92.40353187443115 -7.161794179530062 -0.483 0 0 0.0 1.0 0.014000000432133675 0.014000000432133675 0.010999999940395355
1698081514.64902 92.40353187443115 -7.161794179530062 -0.495 0 0 0.0 1.0 0.014000000432133675 0.014000000432133675 0.009999999776482582
1698081515.263484 92.40353187443115 -7.161794179530062 -0.504 0 0 0.0 1.0 0.014000000432133675 0.014000000432133675 0.009999999776482582