1698081302.5446093 -24.806228799763087 51.09743783078123 0.19 0 0 0 1 0.014000000432133675 0.014000000432133675 0.012000000104308128
1698081303.0535207 -25.249200089384946 50.68701812956303 0.173 0 0 -0.931006200224515 0.3650033631947935 0.014000000432133675 0.014000000432133675 0.012000000104308128
1698081303.5421815 -25.625725368505485 50.43050613613958 0.188 0 0 -0.9556258694225372 0.2945830913179164 0.014000000432133675 0.014000000432133675 0.012000000104308128
1698081304.0469975 -25.869359432994973 50.24581740259014 0.247 0 0 -0.9478679135036736 0.31866348794644217 0.014000000432133675 0.014000000432133675 0.012000000104308128
1698081304.5433207 -25.946879541239937 50.13295182374823 0.026999999999999996 0 0 -0.8849172080333466 0.46574836008993825 0.014000000432133675 0.014000000432133675 0.012000000104308128
1698081305.0518923 -26.01332553720173 49.97904408671897 0.035 0 0 -0.8355730986957167 0.5493792831332813 0.014000000432133675 0.014000000432133675 0.012000000104308128
1698081305.5429053 -26.14621654330227 49.968783996370675 0.05499999999999999 0 0 -0.9992579279554445 0.03851744303807935 0.014000000432133675 0.014000000432133675 0.014000000432133675
1698081306.0523288 -26.20158805194833 49.8866999330267 0.129 0 0 -0.882957633663397 0.4694526782920026 0.014000000432133675 0.014000000432133675 0.014000000432133675
1698081306.5382116 -26.478444684088725 49.75331394784597 0.089 0 0 -0.9749087096856852 0.22260504886231222 0.014000000432133675 0.014000000432133675 0.014999999664723873
1698081307.053485 -26.85497008089514 49.45575978492404 0.035 0 0 -0.944611404663723 0.3281909416471276 0.014000000432133675 0.014000000432133675 0.01899999938905239
1698081307.5453706 -27.320089687693216 49.08638217753594 -0.0040000000000000036 0 0 -0.944218235966417 0.32932039546385167 0.014000000432133675 0.014000000432133675 0.01899999938905239
1698081308.0766783 -27.785209350068815 48.69648348388711 -0.059 0 0 -0.9397752711726256 0.3417929778278336 0.014000000432133675 0.014000000432133675 0.014999999664723873
1698081308.5497327 -28.15066011625656 48.51179508573844 -0.0010000000000000009 0 0 -0.9727541682168015 0.23183901357804013 0.014000000432133675 0.014000000432133675 0.014999999664723873
1698081309.0507412 -28.327848604918998 48.34762713990083 -0.020000000000000018 0 0 -0.931006150045748 0.3650034911846653 0.014000000432133675 0.014000000432133675 0.012000000104308128
1698081309.5473983 -28.460739576120428 48.347627565010754 0.009000000000000008 0 0 0.9999999999987208 1.5994687988013944e-06 0.014000000432133675 0.014000000432133675 0.010999999940395355
1698081310.0573394 -28.57148215180063 48.316846323634444 0.008000000000000007 0 0 -0.9908265080502713 0.13514004197463358 0.014000000432133675 0.014000000432133675 0.010999999940395355
1698081310.5481365 -28.70437312319671 48.31684674822414 0.123 0 0 0.999999999998724 1.5975114363070877e-06 0.014000000432133675 0.014000000432133675 0.010999999940395355
1698081311.0530503 -28.682224857298355 48.24502295066254 0.08199999999999999 0 0 -0.5938531316867515 0.8045734633865561 0.014000000432133675 0.014000000432133675 0.012000000104308128
1698081311.555644 -28.57148280619243 48.111635678925396 0.062 0 0 -0.4249858943673954 0.9051999721546311 0.014000000432133675 0.014000000432133675 0.009999999776482582
1698081312.0590491 -28.438592486453526 47.90642461246993 0.07899999999999999 0 0 -0.47772437627279835 0.8785097724640095 0.014000000432133675 0.014000000432133675 0.010999999940395355
1698081312.5500612 -28.272479582276514 47.64991078532799 0.068 0 0 -0.47772436620868386 0.8785097779367691 0.014000000432133675 0.014000000432133675 0.012000000104308128
1698081313.0595267 -28.250331313286047 47.578086991526334 0.061 0 0 -0.5938531099414462 0.8045734794366967 0.014000000432133675 0.014000000432133675 0.013000000268220901
1698081313.5547352 -28.161737622549435 47.485741924431586 0.025999999999999995 0 0 -0.39223866142289626 0.9198634857875241 0.014000000432133675 0.014000000432133675 0.010999999940395355
1698081314.0627506 -28.1063666418183 47.40365749438892 0.05499999999999999 0 0 -0.46945554400089956 0.8829561100116016 0.014000000432133675 0.014000000432133675 0.014999999664723873
1698081314.557463 -27.940253537503946 47.20870686953321 0.05299999999999999 0 0 -0.41918604276665344 0.9079003588222847 0.014000000432133675 0.014000000432133675 0.014000000432133675
1698081315.0631025 -27.608027353073133 46.80854510049627 0.11599999999999999 0 0 -0.42498584786882115 0.9051999939854282 0.014000000432133675 0.014000000432133675 0.014000000432133675
1698081315.550597 -27.264727443943737 46.2339542806422 0.119 0 0 -0.4935094027830226 0.8697404609219606 0.014000000432133675 0.014000000432133675 0.013000000268220901
1698081316.0652685 -26.854982614814105 45.46441319800373 0.119 0 0 -0.5147895260798301 0.8573165948694239 0.014000000432133675 0.014000000432133675 0.014000000432133675
1698081316.55837 -26.389867052900733 44.51018243637264 0.14500000000000002 0 0 -0.5300247659833534 0.8479821622205809 0.014000000432133675 0.014000000432133675 0.013000000268220901
1698081317.064856 -25.913677360597006 43.49438852239411 0.133 0 0 -0.536441795401467 0.8439373200341662 0.014000000432133675 0.014000000432133675 0.014000000432133675
1698081317.5588014 -25.33781974441208 42.34520749954906 0.154 0 0 -0.5253560502445992 0.8508824951022287 0.014000000432133675 0.014000000432133675 0.012000000104308128
1698081318.0620346 -24.77303637256422 41.16524500652904 0.184 0 0 -0.5330395850324267 0.8460903029750775 0.014000000432133675 0.014000000432133675 0.014000000432133675
1698081318.5554464 -24.175030408466444 39.89293774847857 0.25 0 0 -0.5360159993547713 0.8442078230126192 0.014000000432133675 0.014000000432133675 0.013000000268220901
1698081319.0629382 -23.532727084419967 38.723235767729776 0.315 0 0 -0.5092521703650215 0.8606173522411195 0.014000000432133675 0.014000000432133675 0.013000000268220901
1698081319.5601146 -22.879349344087633 37.584315444331644 0.358 0 0 -0.5011928223308925 0.8653356313269404 0.014000000432133675 0.014000000432133675 0.012000000104308128
1698081320.0603821 -22.214897097106135 36.51721888814973 0.34199999999999997 0 0 -0.48550090873547475 0.8742361623823555 0.014000000432133675 0.014000000432133675 0.009999999776482582
1698081320.5554948 -21.583667420439756 35.491164612959416 0.397 0 0 -0.4878606234943073 0.872921538308997 0.014000000432133675 0.014000000432133675 0.010999999940395355
1698081321.0832684 -20.885992327826724 34.403547111554325 0.374 0 0 -0.4796187136108556 0.8774770022936601 0.014000000432133675 0.014000000432133675 0.014000000432133675
1698081321.5568047 -20.21046562902014 33.326190282604074 0.369 0 0 -0.4841330301385722 0.8749944051985957 0.014000000432133675 0.014000000432133675 0.013000000268220901
1698081322.0644667 -19.51279035790761 32.24883350499841 0.357 0 0 -0.4777238166693358 0.8785100767702569 0.014000000432133675 0.014000000432133675 0.014000000432133675
1698081322.55734 -18.848337816937985 31.140695318607236 0.317 0 0 -0.49282308201335734 0.8701295362386313 0.014000000432133675 0.014000000432133675 0.013000000268220901
1698081323.0648317 -18.17281090464476 30.053078256002415 0.318 0 0 -0.485994362661102 0.8739619439435731 0.014000000432133675 0.014000000432133675 0.013000000268220901
1698081323.559783 -17.541580845678578 28.996242952179784 0.301 0 0 -0.4935687601630315 0.8697067775929586 0.014000000432133675 0.014000000432133675 0.012000000104308128
1698081324.0622263 -16.932499189154733 27.949668300902424 0.292 0 0 -0.49849990909469877 0.8668897511405802 0.014000000432133675 0.014000000432133675 0.012000000104308128
1698081324.5546079 -16.256971918591226 26.93387518727267 0.346 0 0 -0.4723594213359539 0.8814060228266896 0.014000000432133675 0.014000000432133675 0.010999999940395355
1698081325.0690846 -15.625741710213457 25.83599805368445 0.306 0 0 -0.5007784137337236 0.8655755197198772 0.014000000432133675 0.014000000432133675 0.010999999940395355
1698081325.5632958 -14.96128879572017 24.666297295251407 0.305 0 0 -0.5030282138088689 0.8642699902879071 0.014000000432133675 0.014000000432133675 0.009999999776482582
1698081326.0689614 -14.274687326470858 23.476075560722034 0.278 0 0 -0.5001564719861313 0.8659350457917651 0.014000000432133675 0.014000000432133675 0.009999999776482582
1698081326.5694246 -13.532714675136337 22.18324863167156 0.294 0 0 -0.5011169086037388 0.8653795952710186 0.014000000432133675 0.014000000432133675 0.012000000104308128
1698081327.0752022 -12.790741883589641 20.91094287346062 0.273 0 0 -0.49811299630884515 0.8671121282211571 0.014000000432133675 0.014000000432133675 0.012000000104308128
1698081327.5671551 -11.98232356425368 19.58733454793753 0.251 0 0 -0.48926622067181097 0.8721344880862829 0.014000000432133675 0.014000000432133675 0.010999999940395355
1698081328.0872412 -11.184979363559702 18.273986899168747 0.217 0 0 -0.4904301564452108 0.8714804998673958 0.014000000432133675 0.014000000432133675 0.012000000104308128
1698081328.570851 -10.354412338635967 16.92985779248361 0.16499999999999998 0 0 -0.4869998922146571 0.8734020294130947 0.014000000432133675 0.014000000432133675 0.010999999940395355
1698081329.0705104 -9.479548138986605 15.647291901802486 0.19 0 0 -0.46716850405058785 0.8841683034485776 0.014000000432133675 0.014000000432133675 0.010999999940395355
1698081329.571275 -8.615758077129644 14.364726171249053 0.14500000000000002 0 0 -0.4697819398732365 0.8827824924458679 0.014000000432133675 0.014000000432133675 0.010999999940395355
1698081330.076277 -7.785190701792525 13.02059750588373 0.156 0 0 -0.4869997457080018 0.8734021111036666 0.014000000432133675 0.014000000432133675 0.010999999940395355
1698081330.5719073 -6.943549061958666 11.543082253438605 0.093 0 0 -0.5025124774106567 0.8645699567106205 0.014000000432133675 0.014000000432133675 0.009999999776482582
1698081331.0769045 -6.090832987169058 10.127130258007105 0.095 0 0 -0.49198877984354555 0.8706015394588154 0.014000000432133675 0.014000000432133675 0.009999999776482582
1698081331.5689194 -5.204894105343364 8.588052208906177 -0.0030000000000000027 0 0 -0.5005591157670651 0.8657023574084189 0.014000000432133675 0.014000000432133675 0.014000000432133675
1698081332.0765457 -4.318955017768608 7.151579496005613 -0.0020000000000000018 0 0 -0.4873716517589292 0.8731946364137683 0.014000000432133675 0.014000000432133675 0.014000000432133675
1698081332.572604 -3.4330158280652046 5.62276231613731 -0.05499999999999999 0 0 -0.4993045411582193 0.8664265549824637 0.014000000432133675 0.014000000432133675 0.009999999776482582
1698081333.075183 -2.547076464819641 4.155508401570576 -0.056999999999999995 0 0 -0.4914821634539032 0.8708876408622819 0.014000000432133675 0.014000000432133675 0.010999999940395355
1698081333.5699427 -1.6611369464902679 2.7600782584969674 -0.03500000000000003 0 0 -0.4816702739694835 0.8763525244866718 0.014000000432133675 0.014000000432133675 0.010999999940395355
1698081334.0794787 -0.8305685388760239 1.3543877699459117 -0.029000000000000026 0 0 -0.4956314404496545 0.8685329442443739 0.014000000432133675 0.014000000432133675 0.014000000432133675
1698081334.5746248 -0.0 0.0 0.0 0 0 -0.48848108084835484 0.8725744860200892 0.014000000432133675 0.014000000432133675 0.014000000432133675
1698081335.0779994 0.7973459174510967 -1.3543876239625532 0.0020000000000000018 0 0 -0.4963234416062399 0.8681376856882422 0.014000000432133675 0.014000000432133675 0.013000000268220901
1698081335.5742326 1.5836176998462819 -2.6574725484656807 0.013999999999999985 0 0 -0.4916146795420407 0.8708128426124506 0.014000000432133675 0.014000000432133675 0.010999999940395355
1698081336.0781398 2.3255925919749254 -3.9195153048146616 -0.0030000000000000027 0 0 -0.4965805568394667 0.8679906396782198 0.014000000432133675 0.014000000432133675 0.012000000104308128
1698081336.5748055 3.0675675453440197 -5.048171296046916 0.04300000000000001 0 0 -0.4746966730625699 0.8801494580940942 0.014000000432133675 0.014000000432133675 0.012000000104308128
1698081337.0795813 3.864913840502045 -6.217869193700693 0.045999999999999985 0 0 -0.4673048085094786 0.8840962707442666 0.014000000432133675 0.014000000432133675 0.013000000268220901
1698081337.5729356 4.6179632600312495 -7.438869540393727 0.015999999999999986 0 0 -0.48737110904542036 0.8731949393278897 0.014000000432133675 0.014000000432133675 0.012000000104308128
1698081338.0751119 5.382087003408345 -8.618827721355046 0.01899999999999999 0 0 -0.4777222951383637 0.8785109041598369 0.014000000432133675 0.014000000432133675 0.013000000268220901
1698081338.575612 6.135136623968586 -9.850088332141024 -0.009000000000000008 0 0 -0.48899948825561584 0.8722840709801744 0.014000000432133675 0.014000000432133675 0.012000000104308128
1698081339.0810382 6.866037836073379 -11.060827823624138 -0.013000000000000012 0 0 -0.4915224216948628 0.8708649200485787 0.014000000432133675 0.014000000432133675 0.013000000268220901
1698081339.577178 7.530493565017169 -12.15870166345635 0.025999999999999995 0 0 -0.49103159008441505 0.8711417666138911 0.014000000432133675 0.014000000432133675 0.013000000268220901
1698081340.0822885 8.316766183939684 -13.348919866352121 0.032 0 0 -0.4737098543448218 0.8806809716898667 0.014000000432133675 0.014000000432133675 0.014000000432133675
1698081340.577643 9.125187453781804 -14.600700963417642 -0.027000000000000024 0 0 -0.4782699895797618 0.8782128540777426 0.014000000432133675 0.014000000432133675 0.013000000268220901
1698081341.083621 9.900386050849377 -15.821700442637628 -0.015000000000000013 0 0 -0.48166957769720636 0.8763529071789486 0.014000000432133675 0.014000000432133675 0.013000000268220901
1698081341.5741844 10.675584747222238 -17.042699797069616 -0.14500000000000002 0 0 -0.4816695320340896 0.8763529322767518 0.014000000432133675 0.014000000432133675 0.012000000104308128
1698081342.0773962 11.472932015824654 -18.243177990669512 -0.15000000000000002 0 0 -0.4726140602401827 0.8812695104582303 0.014000000432133675 0.014000000432133675 0.012000000104308128
1698081342.5679452 12.259205170260195 -19.474437584058627 -0.20400000000000001 0 0 -0.4805143705007915 0.8769868526621297 0.014000000432133675 0.014000000432133675 0.009999999776482582
1698081343.0834494 13.067626951113139 -20.726218026383645 -0.22600000000000003 0 0 -0.47826975841268604 0.8782129799700474 0.014000000432133675 0.014000000432133675 0.012000000104308128
1698081343.577193 13.887123174476267 -22.03956134128947 -0.26 0 0 -0.4850903103364556 0.8744640591915034 0.014000000432133675 0.014000000432133675 0.010999999940395355
1698081344.0873606 14.7619906571152 -23.291341407778884 -0.22500000000000003 0 0 -0.46213830891379615 0.8868078616218379 0.014000000432133675 0.014000000432133675 0.013000000268220901
1698081344.5813382 15.659006659123477 -24.49181878556119 -0.16599999999999998 0 0 -0.44801128679694135 0.89402790051684 0.014000000432133675 0.014000000432133675 0.013000000268220901
1698081345.0857863 16.533874259656617 -25.69229605642959 -0.14700000000000002 0 0 -0.4533425914665048 0.8913363533270893 0.014000000432133675 0.014000000432133675 0.01600000075995922
1698081345.5782876 17.37551923083939 -26.903033750894537 -0.11699999999999999 0 0 -0.4632564664530614 0.88622426410555 0.014000000432133675 0.014000000432133675 0.013000000268220901
1698081346.0844405 18.161793116618792 -28.144552913448592 -0.11099999999999999 0 0 -0.4821609697371395 0.8760826440822471 0.014000000432133675 0.014000000432133675 0.014999999664723873
1698081346.5808578 18.85947307742471 -29.365551118420534 -0.123 0 0 -0.5019357090985989 0.8649049334647634 0.014000000432133675 0.014000000432133675 0.014000000432133675
1698081347.0792441 19.46855892511887 -30.473683895822386 -0.126 0 0 -0.5090758043094069 0.8607216887395893 0.014000000432133675 0.014000000432133675 0.017000000923871994
1698081347.5774555 20.000124858880145 -31.458690752905426 -0.09500000000000003 0 0 -0.5123888874483338 0.8587535315906764 0.014000000432133675 0.014000000432133675 0.014999999664723873
1698081348.088282 20.45417096563672 -32.37187421499248 -0.14900000000000002 0 0 -0.5266803639885943 0.8500634059814843 0.014000000432133675 0.014000000432133675 0.013000000268220901
1698081348.5797725 20.863919910201265 -33.18245273357344 -0.15100000000000002 0 0 -0.5238619061078472 0.8518032069257858 0.014000000432133675 0.014000000432133675 0.014000000432133675
1698081349.0858376 21.35118854230593 -33.95198904013773 -0.195 0 0 -0.48219793567444746 0.876062298487557 0.014000000432133675 0.014000000432133675 0.01600000075995922
1698081349.5803027 21.882753854886023 -34.56761772524156 -0.192 0 0 -0.4162093331960595 0.9092688221645409 0.014000000432133675 0.014000000432133675 0.013000000268220901
1698081350.086036 22.50291322723163 -35.203767157007285 -0.15900000000000003 0 0 -0.38855480834183376 0.9214256133375286 0.014000000432133675 0.014000000432133675 0.013000000268220901
1698081350.5815108 23.189517704149196 -35.66548792615769 -0.135 0 0 -0.2917010014083078 0.9565095534166872 0.014000000432133675 0.014000000432133675 0.014999999664723873
1698081351.0869064 23.975790356270483 -36.09642692728813 -0.08100000000000002 0 0 -0.24806597986349524 0.9687431391418284 0.014000000432133675 0.014000000432133675 0.014999999664723873
1698081351.5795388 24.839582462798816 -36.404239743033735 -0.064 0 0 -0.17032605953967447 0.985387757911416 0.014000000432133675 0.014000000432133675 0.009999999776482582
1698081352.0843463 25.78089409045451 -36.6197078777968 -0.08900000000000002 0 0 -0.11227542781918222 0.9936771247784764 0.014000000432133675 0.014000000432133675 0.009999999776482582
1698081352.5819507 26.688982827224613 -36.773613098122176 -0.03300000000000003 0 0 -0.08384506245269598 0.9964788033381862 0.014000000432133675 0.014000000432133675 0.012000000104308128
1698081353.088783 27.630294111962886 -36.845434266936216 -0.055999999999999994 0 0 -0.038066559665731844 0.9992752058543308 0.014000000432133675 0.014000000432133675 0.014000000432133675
1698081353.5839188 28.682347880139258 -36.917255154931254 -0.05499999999999999 0 0 -0.03407418334685992 0.9994193064121007 0.014000000432133675 0.014000000432133675 0.010999999940395355
1698081354.097972 29.667956085629317 -36.95829472003086 -0.07100000000000001 0 0 -0.020805890180764328 0.9997835340381367 0.014000000432133675 0.014000000432133675 0.010999999940395355
1698081354.5857162 30.631415694673716 -36.95829236326345 -0.05099999999999999 0 0 1.2230753533028262e-06 0.999999999999252 0.014000000432133675 0.014000000432133675 0.012000000104308128
1698081355.0928342 31.661320520088047 -36.845424439726095 -0.09200000000000003 0 0 0.054550427794848 0.9985110168783312 0.014000000432133675 0.014000000432133675 0.013000000268220901
1698081355.5853486 32.62477940845487 -36.54786786019304 -0.10099999999999998 0 0 0.14921509178091097 0.988804761509983 0.014000000432133675 0.014000000432133675 0.013000000268220901
1698081356.0851257 33.588238034314266 -36.13744592998051 -0.09999999999999998 0 0 0.19999581426292842 0.9797967515139597 0.014000000432133675 0.014000000432133675 0.013000000268220901
1698081356.5841253 34.5184737812142 -35.66546119172885 -0.11199999999999999 0 0 0.23261718008589846 0.9725683767884317 0.014000000432133675 0.014000000432133675 0.014000000432133675
1698081357.09258 35.3822638626222 -35.11139275769218 -0.09999999999999998 0 0 0.28131733053080976 0.959614797480228 0.014000000432133675 0.014000000432133675 0.014999999664723873
1698081357.5854824 36.290350887993064 -34.526542819985565 -0.15100000000000002 0 0 0.28220251537327257 0.9593548563055267 0.014000000432133675 0.014000000432133675 0.014000000432133675
1698081358.0928957 37.20951223125326 -33.962213902421645 -0.14200000000000002 0 0 0.27184600227459343 0.9623407665932696 0.014000000432133675 0.014000000432133675 0.013000000268220901
1698081358.58205 38.17297063746032 -33.418405930974686 -0.15700000000000003 0 0 0.25411099880500937 0.967175061861254 0.014000000432133675 0.014000000432133675 0.013000000268220901
1698081359.0885706 39.14750326733286 -32.854077031512745 -0.184 0 0 0.2594437859335094 0.9657582109102087 0.014000000432133675 0.014000000432133675 0.014000000432133675
1698081359.5851579 40.15525870823904 -32.31026910507388 -0.119 0 0 0.24490395728378078 0.9695473437159962 0.014000000432133675 0.014000000432133675 0.014000000432133675
1698081360.0921326 41.14086562985616 -31.74594032783125 -0.08600000000000002 0 0 0.25708345917346503 0.9663892047303743 0.014000000432133675 0.014000000432133675 0.013000000268220901
1698081360.5829926 42.170769589530934 -31.191872015768805 -0.044999999999999984 0 0 0.244286870272888 0.9697030086641358 0.014000000432133675 0.014000000432133675 0.014999999664723873
1698081361.0929885 43.13422799594556 -30.5967619812545 -0.07300000000000001 0 0 0.2731436855506718 0.9619732465322494 0.014000000432133675 0.014000000432133675 0.019999999552965164
1698081361.6907523 44.15305768940402 -30.011912394557548 -0.0010000000000000009 0 0 0.2576182840271536 0.9662467695857538 0.014000000432133675 0.014000000432133675 0.01899999938905239
1698081362.0937793 45.19403604475084 -29.49888621953487 0.0030000000000000027 0 0 0.22695300411342537 0.9739057110028113 0.014000000432133675 0.014000000432133675 0.01899999938905239
1698081362.5891423 46.25716293532118 -28.996120554450624 0.027999999999999997 0 0 0.21908027488090911 0.975706837712079 0.014000000432133675 0.014000000432133675 0.013000000268220901
1698081363.093644 47.34243834075646 -28.493354917029862 0.0 0 0 0.21521637746599856 0.9765663883579103 0.014000000432133675 0.014000000432133675 0.010999999940395355
1698081363.6111374 48.40556528688846 -28.000849873804093 0.05299999999999999 0 0 0.21521634740892742 0.976566394981908 0.014000000432133675 0.014000000432133675 0.013000000268220901
1698081364.0934348 49.50191505073628 -27.539126276233997 0.0030000000000000027 0 0 0.19798420015060325 0.9802052114178571 0.014000000432133675 0.014000000432133675 0.024000000208616257
1698081364.5851543 50.576116205104505 -27.00557943743991 -0.01200000000000001 0 0 0.2284631108090113 0.9735525702289884 0.014999999664723873 0.014999999664723873 0.01899999938905239
1698081365.0882123 51.639243185882314 -26.502814125607898 -0.0050000000000000044 0 0 0.21908012640784752 0.975706871049457 0.014000000432133675 0.014000000432133675 0.017999999225139618
1698081365.5882664 52.713444396659106 -25.97952791214576 -0.02300000000000002 0 0 0.22471771224367268 0.9744239066258432 0.014000000432133675 0.014000000432133675 0.012000000104308128
1698081366.0950727 53.721200100795976 -25.4357209324421 -0.01200000000000001 0 0 0.24490355165086 0.969547446177233 0.014000000432133675 0.014000000432133675 0.010999999940395355
1698081366.5899074 54.684658813695144 -24.881653621348573 -0.03899999999999998 0 0 0.25799635651150876 0.966145889618533 0.014000000432133675 0.014000000432133675 0.010999999940395355
1698081367.0975685 55.61489486771012 -24.36862833511653 -0.04799999999999999 0 0 0.24933847831414335 0.9684163997124313 0.014000000432133675 0.014000000432133675 0.010999999940395355
1698081367.5898697 56.522982493208595 -23.88638457175349 -0.04199999999999998 0 0 0.24167400559060753 0.9703574985652407 0.014000000432133675 0.014000000432133675 0.009999999776482582
1698081368.0969155 57.44214430240352 -23.352838478681427 -0.03300000000000003 0 0 0.2599474707613313 0.9656227588684863 0.014000000432133675 0.014000000432133675 0.010999999940395355
1698081368.5908377 58.394528770037155 -22.747469087658 0.01100000000000001 0 0 0.2793387704574082 0.960192611572982 0.014000000432133675 0.014000000432133675 0.010999999940395355
1698081369.096328 59.41335886124696 -22.213922984773596 0.008000000000000007 0 0 0.23887564825518756 0.9710501658877692 0.014000000432133675 0.014000000432133675 0.010999999940395355
1698081369.5848033 60.46541171685856 -21.680376904585845 -0.03899999999999998 0 0 0.23252657787919062 0.9725900424021381 0.014000000432133675 0.014000000432133675 0.009999999776482582
1698081370.0957317 61.47316757128102 -21.126310018420565 -0.03300000000000003 0 0 0.248707754145768 0.9685785734919848 0.014000000432133675 0.014000000432133675 0.009999999776482582
1698081370.5885367 62.381255361334425 -20.68510851781915 -0.017000000000000015 0 0 0.2242125821424816 0.9745402598194705 0.014000000432133675 0.014000000432133675 0.010999999940395355
1698081371.0913234 63.13430379147642 -20.32599103862629 -0.0050000000000000044 0 0 0.22066145490802433 0.975350461279367 0.014000000432133675 0.014000000432133675 0.012000000104308128
1698081371.588445 63.77660985214112 -20.048957495999296 0.016999999999999987 0 0 0.2021981303001764 0.9793446360210041 0.014000000432133675 0.014000000432133675 0.013000000268220901
1698081372.0922873 64.42999009970494 -19.720621618296672 0.062 0 0 0.23073239530048092 0.9730172463830755 0.014000000432133675 0.014000000432133675 0.013000000268220901
1698081372.5886135 65.160890069733 -19.37176473216006 0.04300000000000001 0 0 0.22082541600308864 0.975313352542178 0.014000000432133675 0.014000000432133675 0.010999999940395355
1698081373.095501 65.98038397530081 -18.971605428276607 0.036000000000000004 0 0 0.2251745169852623 0.9743184473776805 0.014000000432133675 0.014000000432133675 0.010999999940395355
1698081373.5943794 66.86632336115314 -18.550925149517344 0.045999999999999985 0 0 0.2198485986428613 0.9755340043662087 0.014000000432133675 0.014000000432133675 0.009999999776482582
1698081374.0949132 67.7522628070336 -18.17128678934955 0.028999999999999998 0 0 0.20104253096539662 0.9795825134939004 0.014000000432133675 0.014000000432133675 0.009999999776482582
1698081374.593358 68.64927652539326 -17.80190892632035 0.023999999999999994 0 0 0.19407330625627178 0.9809870293733548 0.014000000432133675 0.014000000432133675 0.012000000104308128
1698081375.1003685 69.43554759936711 -17.288884714583492 0.04300000000000001 0 0 0.2850489177007517 0.9585129704483034 0.014000000432133675 0.014000000432133675 0.010999999940395355
1698081375.5955539 70.12215044054834 -16.76560020230928 -0.057999999999999996 0 0 0.3198881196185367 0.9474553239741264 0.014000000432133675 0.014000000432133675 0.010999999940395355
1698081376.1043952 70.6426393911815 -16.078148477661298 -0.025000000000000022 0 0 0.44517925911318396 0.8954414705917058 0.014000000432133675 0.014000000432133675 0.012000000104308128
1698081376.5984912 70.97486597623816 -15.226529556834997 0.0010000000000000009 0 0 0.5641650137651404 0.8256620599515149 0.014000000432133675 0.014000000432133675 0.009999999776482582
1698081377.111235 71.12990472518455 -14.477515488831518 0.01999999999999999 0 0 0.6313898299194998 0.7754655909027977 0.014000000432133675 0.014000000432133675 0.012000000104308128
1698081377.5976515 71.15205249627374 -13.697720162213054 0.04899999999999999 0 0 0.6969969216648798 0.7170741183376245 0.014000000432133675 0.014000000432133675 0.010999999940395355
1698081378.1090634 71.1299033644497 -12.979487663694096 0.035 0 0 0.7179219086407984 0.6961236478482491 0.014000000432133675 0.014000000432133675 0.009999999776482582
1698081378.5918293 71.06345717214161 -12.13812962244788 0.10200000000000001 0 0 0.7344146618588738 0.6787010420256595 0.014000000432133675 0.014000000432133675 0.009999999776482582
1698081379.1041179 70.8862685593342 -11.327553051736812 0.124 0 0 0.7789586281269558 0.627075318974181 0.014000000432133675 0.014000000432133675 0.009999999776482582
1698081379.597926 70.7755254634357 -10.486195021824546 0.126 0 0 0.7518306444105562 0.6593562634306341 0.014000000432133675 0.014000000432133675 0.009999999776482582
1698081380.1025946 70.62048537338724 -9.573013753481199 0.10400000000000001 0 0 0.7639976665822509 0.6452190058087841 0.014000000432133675 0.014000000432133675 0.009999999776482582
1698081380.59821 70.55403934117884 -8.68035334565342 0.137 0 0 0.7328815035296801 0.6803563050226517 0.014000000432133675 0.014000000432133675 0.009999999776482582
1698081381.1036599 70.4100735926096 -7.736390643461934 0.164 0 0 0.7585409541303492 0.6516253685262872 0.014000000432133675 0.014000000432133675 0.010999999940395355
1698081381.5986397 70.25503366822281 -6.823209324796525 0.088 0 0 0.7639976067631307 0.6452190766400269 0.014000000432133675 0.014000000432133675 0.009999999776482582
1698081382.1106813 70.19966205108763 -5.940809343571858 0.08299999999999999 0 0 0.7289128788358439 0.6846064672987265 0.014000000432133675 0.014000000432133675 0.009999999776482582
1698081382.600007 70.14429048291922 -5.048148891307703 0.11599999999999999 0 0 0.7286668746271676 0.6848682981574454 0.014000000432133675 0.014000000432133675 0.009999999776482582
1698081383.1033666 70.08891896113664 -4.134967501686748 0.125 0 0 0.7281911416809653 0.685374103083398 0.014000000432133675 0.014000000432133675 0.012000000104308128
1698081383.6034594 70.04462174504837 -3.232046567707108 0.043999999999999984 0 0 0.7242240577971853 0.6895647280043978 0.014000000432133675 0.014000000432133675 0.009999999776482582
1698081384.1144838 70.00032459813399 -2.4214698167079756 0.027999999999999997 0 0 0.7261430648518696 0.6875436345189543 0.014000000432133675 0.014000000432133675 0.009999999776482582
1698081384.603588 69.94495324770925 -1.6314139931093288 0.057999999999999996 0 0 0.7314075019788135 0.6819406616774746 0.014000000432133675 0.014000000432133675 0.009999999776482582
1698081385.1060846 69.88958193788633 -0.8310976974477983 0.05399999999999999 0 0 0.7311025177896884 0.6822676223312802 0.014000000432133675 0.014000000432133675 0.010999999940395355
1698081385.5992072 69.80098792384975 0.020520931155544486 0.092 0 0 0.7427892559018249 0.6695252955018305 0.014000000432133675 0.014000000432133675 0.010999999940395355
1698081386.104517 69.64594846694808 0.8926605034933333 0.08299999999999999 0 0 0.7664936535134556 0.6422518813702259 0.014000000432133675 0.014000000432133675 0.010999999940395355
1698081386.603661 69.4798348146705 1.8058419581814515 0.124 0 0 0.7677791217738584 0.6407146167898486 0.014000000432133675 0.014000000432133675 0.010999999940395355
1698081387.1100738 69.29157272435991 2.7395443687982235 0.133 0 0 0.7738384692323874 0.6333829990898677 0.014000000432133675 0.014000000432133675 0.010999999940395355
1698081387.599087 69.10331071127149 3.7553305310623823 0.139 0 0 0.7688409727103898 0.6394400352509543 0.014000000432133675 0.014000000432133675 0.012000000104308128
1698081388.1139393 68.90397452549685 4.791637653093456 0.14100000000000001 0 0 0.7710025137117741 0.6368321002039122 0.014000000432133675 0.014000000432133675 0.012000000104308128
1698081388.610971 68.73786117964534 5.889507587380221 0.14400000000000002 0 0 0.7581564390237963 0.6520727060433957 0.014000000432133675 0.014000000432133675 0.010999999940395355
1698081389.106328 68.5828221344536 6.925814742261283 0.2 0 0 0.7576148576280718 0.6527018672420024 0.014000000432133675 0.014000000432133675 0.012000000104308128
1698081389.6002657 68.41670891799434 7.972382390126021 0.28600000000000003 0 0 0.7605128526434598 0.6493228788238615 0.014999999664723873 0.014999999664723873 0.01899999938905239
1698081390.108241 68.27274430162724 9.070252381461087 0.265 0 0 0.7516707256194795 0.6595385661556762 0.014000000432133675 0.014000000432133675 0.017999999225139618
1698081390.6008003 68.13985401382247 10.16812238632349 0.324 0 0 0.7483871397855268 0.6632621570718762 0.014000000432133675 0.014000000432133675 0.014000000432133675
1698081391.1070485 68.01803803194223 11.235211001101657 0.324 0 0 0.7461302413601726 0.6658000172182413 0.014000000432133675 0.014000000432133675 0.014000000432133675
1698081391.6026769 67.89622213398596 12.312560100716107 0.385 0 0 0.7457727869714494 0.6662003829275671 0.014999999664723873 0.014999999664723873 0.019999999552965164
1698081392.1014333 67.76333203710827 13.359127827458513 0.39 0 0 0.7503218113543371 0.661072748951238 0.017000000923871994 0.017000000923871994 0.026000000536441803
1698081392.6019733 67.58614500688812 14.395435146953295 0.395 0 0 0.7643734467306236 0.6447737850852394 0.014000000432133675 0.014000000432133675 0.01899999938905239
1698081393.2101362 67.43110655581675 15.442002935880337 0.402 0 0 0.7571461815339021 0.653245482026957 0.014999999664723873 0.014999999664723873 0.019999999552965164
1698081393.6059937 67.28714242640838 16.488570732765503 0.451 0 0 0.7537489847785359 0.6571624364990184 0.014000000432133675 0.014000000432133675 0.017999999225139618
1698081394.1166368 67.10995559870898 17.51461765487036 0.476 0 0 0.7649085232836016 0.6441389221341154 0.014000000432133675 0.014000000432133675 0.017999999225139618
1698081394.608008 66.89954611952307 18.561185576870557 0.472 0 0 0.7736611473099156 0.6335995810787006 0.014000000432133675 0.014000000432133675 0.013000000268220901
1698081395.1173604 66.72235946012519 19.607753483538232 0.452 0 0 0.7638478732061809 0.6453963329601388 0.014000000432133675 0.014000000432133675 0.013000000268220901
1698081395.605274 66.53409860926881 20.644060962643508 0.484 0 0 0.7677042374753337 0.6408043412481039 0.014000000432133675 0.014000000432133675 0.013000000268220901
1698081396.1204293 66.34583780170205 21.65984753358769 0.501 0 0 0.7688405828229716 0.6394405040380484 0.014000000432133675 0.014000000432133675 0.014000000432133675
1698081396.6005485 66.1575771221325 22.716675999958102 0.533 0 0 0.7666082864514674 0.6421150482148389 0.014000000432133675 0.014000000432133675 0.013000000268220901
1698081397.112008 65.9803906857322 23.72220213577145 0.53 0 0 0.7660088075895864 0.6428300760661249 0.014000000432133675 0.014000000432133675 0.013000000268220901
1698081397.6068707 65.81427864823674 24.779030616983555 0.489 0 0 0.7600241449916717 0.6498948369003084 0.014000000432133675 0.014000000432133675 0.012000000104308128
1698081398.1105063 65.64816661536683 25.7948172482621 0.49 0 0 0.762032399731096 0.6475388959437627 0.014000000432133675 0.014000000432133675 0.012000000104308128
1698081398.6137848 65.49312891879075 26.82086435179108 0.513 0 0 0.7580916672877733 0.6521480077320209 0.014000000432133675 0.014000000432133675 0.014000000432133675
1698081399.1129553 65.36023984436046 27.877692839980423 0.501 0 0 0.7499202699862204 0.6615282221219245 0.014000000432133675 0.014000000432133675 0.017000000923871994
1698081399.6099858 65.22735080609634 28.914000409732992 0.41800000000000004 0 0 0.7507302151076838 0.6606089191983188 0.014000000432133675 0.014000000432133675 0.014000000432133675
1698081400.1156166 65.05016486359665 29.960568554857932 0.41900000000000004 0 0 0.7638476462163574 0.645396601609995 0.014000000432133675 0.014000000432133675 0.014999999664723873
1698081400.6096807 64.85083053789413 31.027657706629267 0.404 0 0 0.7692937050077294 0.6388952930140278 0.014000000432133675 0.014000000432133675 0.012000000104308128
1698081401.1066537 64.66257053600096 32.094746864059296 0.405 0 0 0.7660746433233906 0.6427516167672703 0.014000000432133675 0.014000000432133675 0.012000000104308128
1698081401.6085613 64.45216220336219 33.20287797294032 0.441 0 0 0.7702414478957949 0.6377523907782625 0.014000000432133675 0.014000000432133675 0.010999999940395355
1698081402.1156783 64.25282815231512 34.29048814777593 0.41900000000000004 0 0 0.7682038681044681 0.6402052928782557 0.014000000432133675 0.014000000432133675 0.012000000104308128
1698081402.6059265 64.09779112838588 35.3575773095671 0.42500000000000004 0 0 0.7562341087624167 0.6543011330758287 0.014000000432133675 0.014000000432133675 0.012000000104308128
1698081403.113857 63.953828526683964 36.46570834562059 0.42600000000000005 0 0 0.7512762894497768 0.6599878308806726 0.014000000432133675 0.014000000432133675 0.012000000104308128
1698081403.6064494 63.887385799035734 37.59436014793559 0.452 0 0 0.7275875779866362 0.6860148076824149 0.014000000432133675 0.014000000432133675 0.013000000268220901
1698081404.1139116 63.82094310319811 38.702491020949026 0.5 0 0 0.727960081136045 0.6856195156735277 0.017000000923871994 0.017000000923871994 0.02199999988079071
1698081404.6074975 63.69912935207904 39.85166392691078 0.40900000000000003 0 0 0.7434415517007186 0.6688009114862418 0.014000000432133675 0.014000000432133675 0.017000000923871994
1698081405.1179829 63.621612546338774 40.94953438505031 0.40800000000000003 0 0 0.7315842988295541 0.6817509909828292 0.014000000432133675 0.014000000432133675 0.017999999225139618
1698081405.6053748 63.53302142632655 41.996102535963345 0.406 0 0 0.7363244899824956 0.6766285875220007 0.014000000432133675 0.014000000432133675 0.014999999664723873
1698081406.1195657 63.389059078663514 43.02214991747024 0.42500000000000004 0 0 0.7546345789120702 0.6561452981696985 0.014000000432133675 0.014000000432133675 0.017000000923871994
1698081406.6126034 63.18972528636902 43.95585324992193 0.34199999999999997 0 0 0.7774260342415503 0.62897437251724 0.014000000432133675 0.014000000432133675 0.014999999664723873
1698081407.115671 62.846425649905754 44.66382668957929 0.34299999999999997 0 0 0.8474415756776514 0.530888666118405 0.014000000432133675 0.014000000432133675 0.014000000432133675
1698081407.6137962 62.359159615560266 44.97164224550642 0.313 0 0 0.9605818994254044 0.27799714835998257 0.014000000432133675 0.014000000432133675 0.013000000268220901
1698081408.1238184 62.0047833501446 44.86903859313144 0.326 0 0 -0.9900881334741815 0.14044745620199545 0.014000000432133675 0.014000000432133675 0.014000000432133675
1698081408.611677 61.8275943076403 44.509922638020534 0.238 0 0 -0.8492569663141707 0.5279797393526114 0.014000000432133675 0.014000000432133675 0.014999999664723873
1698081409.1157262 61.661479792796804 44.24315088141189 0.263 0 0 -0.8742380879357314 0.4854974413964262 0.014000000432133675 0.014000000432133675 0.017999999225139618
1698081409.6095624 61.451068376500885 44.007160662148046 0.16 0 0 -0.9125508107639455 0.4089633452695555 0.014000000432133675 0.014000000432133675 0.017999999225139618
1698081410.1095107 61.27387923613006 43.60700279837532 0.185 0 0 -0.8381172412301322 0.5454901373561142 0.014000000432133675 0.014000000432133675 0.01899999938905239
1698081410.61005 61.17420981917719 43.19658423437061 0.134 0 0 -0.7861263061531918 0.6180658789918257 0.014000000432133675 0.014000000432133675 0.017999999225139618
1698081411.1158745 61.08561480700646 42.83746798916509 0.189 0 0 -0.7872488851670343 0.6166353807585659 0.014000000432133675 0.014000000432133675 0.019999999552965164
1698081411.6078687 61.207430385079554 42.42704879169283 0.191 0 0 -0.5981057617340413 0.8014171808618419 0.014000000432133675 0.014000000432133675 0.017999999225139618
1698081412.1161697 61.495359764046135 42.03715008132355 0.16 0 0 -0.45052824259152624 0.8927621758494201 0.014000000432133675 0.014000000432133675 0.017000000923871994
1698081412.610975 61.84973487171022 41.72933497082259 0.134 0 0 -0.3500278047064288 0.9367393105514459 0.014000000432133675 0.014000000432133675 0.014999999664723873
1698081413.1209688 62.33700085909093 41.38047762784687 0.132 0 0 -0.3057012210600666 0.9521274932709297 0.014000000432133675 0.014000000432133675 0.014999999664723873
1698081413.612617 62.87963770976634 40.88797357501378 0.179 0 0 -0.3602189057206256 0.9328678041188018 0.014000000432133675 0.014000000432133675 0.014999999664723873
1698081414.1190095 63.37797736153671 40.31338591577613 0.174 0 0 -0.41520864935687374 0.9097262101859221 0.014000000432133675 0.014000000432133675 0.014000000432133675
1698081414.6065586 63.79879672948403 39.52332863967105 0.11099999999999999 0 0 -0.5147258592878666 0.8573548214014821 0.014000000432133675 0.014000000432133675 0.014999999664723873
1698081415.1228724 64.04242784304381 38.610146229008215 0.10300000000000001 0 0 -0.6091891979975907 0.7930249182989474 0.014000000432133675 0.014000000432133675 0.017000000923871994
1698081415.7326276 64.18639072065658 37.67644315773876 -0.04199999999999998 0 0 -0.6510053045674439 0.7590731805465463 0.014000000432133675 0.014000000432133675 0.017000000923871994
1698081416.1211276 64.2971308361666 36.711958777930406 0.014999999999999986 0 0 -0.6655567157806724 0.7463472771299197 0.014000000432133675 0.014000000432133675 0.017999999225139618
1698081416.6161315 64.33035136730152 35.78851647123809 -0.019000000000000017 0 0 -0.6942796941523527 0.7197052912739461 0.014000000432133675 0.014000000432133675 0.017000000923871994
1698081417.1228485 64.36357178843514 34.793250883764884 -0.0050000000000000044 0 0 -0.6952122445022155 0.7188045179978989 0.014000000432133675 0.014000000432133675 0.017000000923871994
1698081417.6147063 64.41894070670838 33.767203846752714 0.04200000000000001 0 0 -0.6877917807042043 0.725908028882268 0.014000000432133675 0.014000000432133675 0.017999999225139618
1698081418.1241174 64.5075325277715 32.78219861995736 0.025999999999999995 0 0 -0.6746929401445173 0.7380985276500331 0.014000000432133675 0.014000000432133675 0.017999999225139618
1698081418.6144295 64.64042136672803 31.776672373621103 -0.025000000000000022 0 0 -0.6591588318683472 0.7520037462472883 0.014000000432133675 0.014000000432133675 0.019999999552965164
1698081419.116619 64.77331022965285 30.75062520658348 -0.030000000000000027 0 0 -0.6601353753339836 0.7511466476212623 0.014000000432133675 0.014000000432133675 0.017999999225139618
1698081419.6147788 64.90619914252906 29.714317589643706 -0.05399999999999999 0 0 -0.6606089660371125 0.7507301738916434 0.014000000432133675 0.014000000432133675 0.020999999716877937
1698081420.120102 65.01693949280347 28.60618675193709 -0.07200000000000001 0 0 -0.6710294127048719 0.7414307299302846 0.014000000432133675 0.014000000432133675 0.019999999552965164
1698081420.6145368 65.1498283840425 27.477534952593047 -0.04899999999999999 0 0 -0.6644796722820426 0.7473063395448677 0.014000000432133675 0.014000000432133675 0.01899999938905239
1698081421.122638 65.30486580421734 26.31810172784253 -0.03699999999999998 0 0 -0.6585823412380081 0.7525086709197867 0.014000000432133675 0.014000000432133675 0.01899999938905239
1698081421.615491 65.50420032625058 25.168928924040937 -0.01200000000000001 0 0 -0.6438528329964374 0.7651493510697515 0.014000000432133675 0.014000000432133675 0.01600000075995922
1698081422.1236813 65.64816364147201 23.988974832364715 -0.0020000000000000018 0 0 -0.6629066760514168 0.7487020360907681 0.014000000432133675 0.014000000432133675 0.017999999225139618
1698081422.616057 65.7699785520937 22.80902079679809 -0.09000000000000002 0 0 -0.6698166869812686 0.7425265017771671 0.014000000432133675 0.014000000432133675 0.017999999225139618
1698081423.1216533 65.93609052034803 21.60854578042513 -0.07500000000000001 0 0 -0.6568615140019721 0.754011240912917 0.014000000432133675 0.014000000432133675 0.01899999938905239
1698081423.6134036 66.10220252892643 20.36702891796068 -0.029000000000000026 0 0 -0.6585530124219405 0.7525343379740139 0.014000000432133675 0.014000000432133675 0.017000000923871994
1698081424.1237943 66.24616615510226 19.135772579719184 -0.068 0 0 -0.6647807822998761 0.7470384939778971 0.014000000432133675 0.014000000432133675 0.017999999225139618
1698081424.6165516 66.43442691276695 17.935297615138843 -0.123 0 0 -0.6500275455385937 0.759910646090099 0.014000000432133675 0.014000000432133675 0.019999999552965164
1698081425.122555 66.63376203796426 16.755343603686775 -0.122 0 0 -0.6455329388045632 0.7637324301863474 0.014000000432133675 0.014000000432133675 0.02199999988079071
1698081425.6205776 66.81094882072111 15.636952451719008 -0.10799999999999998 0 0 -0.6494311262014411 0.7604204181377088 0.014000000432133675 0.014000000432133675 0.01899999938905239
1698081426.1316857 66.96598712968189 14.456998541049947 -0.08600000000000002 0 0 -0.6594415056434036 0.7517558783506524 0.014000000432133675 0.014000000432133675 0.020999999716877937
1698081426.6209712 67.16532248929978 13.236002748811975 -0.138 0 0 -0.6476405934980007 0.761945970298129 0.014000000432133675 0.014000000432133675 0.01899999938905239
1698081427.1280172 67.3314352029717 12.015007014073504 -0.177 0 0 -0.6577214054848287 0.7532612778890613 0.014000000432133675 0.014000000432133675 0.020999999716877937
1698081427.6205814 67.44217683668016 10.886355549546392 -0.07700000000000001 0 0 -0.6716957580522553 0.7408271111498324 0.014000000432133675 0.014000000432133675 0.02199999988079071
1698081428.1221998 67.5529184818654 9.644838965479622 -0.067 0 0 -0.6749644668799744 0.7378502344306953 0.014000000432133675 0.014000000432133675 0.020999999716877937
1698081428.6210558 67.70795721835215 8.39306190726274 -0.10399999999999998 0 0 -0.6622251379801442 0.749304922329474 0.014000000432133675 0.014000000432133675 0.01899999938905239
1698081429.2255974 67.84084756637523 7.151545351408182 -0.15500000000000003 0 0 -0.6684194953155066 0.7437844972047774 0.014000000432133675 0.014000000432133675 0.01899999938905239
1698081429.6236773 67.9848122968616 5.992112547491071 -0.14300000000000002 0 0 -0.6621095187509555 0.7494070890906879 0.014000000432133675 0.014000000432133675 0.01899999938905239
1698081430.1313965 68.1952226006402 4.801898343702029 -0.14200000000000002 0 0 -0.6426180005544204 0.7661867300883244 0.014000000432133675 0.014000000432133675 0.017999999225139618
1698081430.6240916 68.42778150240352 3.6424655680390305 -0.15200000000000002 0 0 -0.6337733014416409 0.7735188442305482 0.014000000432133675 0.014000000432133675 0.01600000075995922
1698081431.1312473 68.60496924832115 2.4727723714965224 -0.14600000000000002 0 0 -0.6520070668141941 0.7582128888540152 0.014000000432133675 0.014000000432133675 0.01600000075995922
1698081431.6205626 68.82645406984516 1.1902140691748913 -0.13 0 0 -0.6441385319809113 0.7649088518362672 0.014000000432133675 0.014000000432133675 0.014999999664723873
1698081432.1267946 69.02579050303217 -0.010260466833104302 -0.133 0 0 -0.6466045266777533 0.7628253968503137 0.014000000432133675 0.014000000432133675 0.01600000075995922
1698081432.6180925 69.21405277751948 -1.1491721762066849 -0.181 0 0 -0.6468821154482358 0.7625900135152671 0.01899999938905239 0.01899999938905239 0.02800000086426735
1698081433.1282911 69.3580181501314 -2.3393861925958244 -0.185 0 0 -0.6632939412371477 0.7483589696917458 0.017999999225139618 0.017999999225139618 0.02800000086426735
1698081433.6216743 69.53520636564869 -3.5398606450272156 -0.09100000000000003 0 0 -0.6534460381887638 0.7569731006947398 0.014000000432133675 0.014000000432133675 0.013000000268220901
1698081434.1358857 69.6680976847598 -4.750595549623813 -0.08700000000000002 0 0 -0.6674183030057826 0.7446830257316742 0.014000000432133675 0.014000000432133675 0.017999999225139618
1698081434.626949 69.78991486675766 -6.002372298106257 -0.03699999999999998 0 0 -0.6719903770827456 0.7405598781382835 0.014000000432133675 0.014000000432133675 0.01600000075995922
1698081435.138871 69.88958361153506 -7.161804848135193 -0.02300000000000002 0 0 -0.6761480936194371 0.7367657399029904 0.014000000432133675 0.014000000432133675 0.01600000075995922
1698081435.6253836 69.9671038971566 -8.228893206702828 -0.05199999999999999 0 0 -0.6810082207412095 0.732275769968454 0.014000000432133675 0.014000000432133675 0.017000000923871994
1698081436.1337028 70.03355002204115 -9.316502491892837 -0.03500000000000003 0 0 -0.6852079796890117 0.7283474614292982 0.014000000432133675 0.014000000432133675 0.023000000044703484
1698081436.6228266 70.18859015223013 -10.311767520828365 0.017999999999999988 0 0 -0.6504147345702836 0.7595792737126701 0.014000000432133675 0.014000000432133675 0.017999999225139618
1698081437.126283 70.4543727840529 -11.235209191415928 0.033 0 0 -0.6014194904484954 0.7989334118114426 0.014000000432133675 0.014000000432133675 0.017999999225139618
1698081437.627925 70.84197202967046 -11.932920505802104 0.05099999999999999 0 0 -0.5071362968230174 0.8618658691725971 0.014000000432133675 0.014000000432133675 0.01600000075995922
1698081438.1378236 71.40675913769721 -12.4459432784246 0.10600000000000001 0 0 -0.36040669484993093 0.9327952692350818 0.014000000432133675 0.014000000432133675 0.017999999225139618
1698081438.6279387 72.12658555553669 -12.733235674635944 0.10500000000000001 0 0 -0.18873214893794624 0.9820286024130177 0.014000000432133675 0.014000000432133675 0.014000000432133675
1698081439.1411192 72.97930272194814 -12.733234956350376 0.184 0 0 4.2117456772679503e-07 0.9999999999999113 0.014000000432133675 0.014000000432133675 0.012000000104308128
1698081439.6303048 73.92061376865361 -12.59984814768067 0.221 0 0 0.07032491939195408 0.9975241379097125 0.014000000432133675 0.014000000432133675 0.012000000104308128
1698081440.138782 74.8840733407072 -12.497242724767801 0.23 0 0 0.053023606188538915 0.9985932591334485 0.014000000432133675 0.014000000432133675 0.014000000432133675
1698081440.6347413 76.00257249407906 -12.507502260532213 0.214 0 0 -0.004586151026932182 0.9999894835540812 0.014000000432133675 0.014000000432133675 0.012000000104308128
1698081441.1422446 77.20966563971194 -12.517761722880255 0.229 0 0 -0.004249541336454925 0.9999909706584503 0.014000000432133675 0.014000000432133675 0.010999999940395355
1698081441.6270711 78.44998155073769 -12.5485420739395 0.271 0 0 -0.012405406138194146 0.9999230499886211 0.014000000432133675 0.014000000432133675 0.012000000104308128
1698081442.1398773 79.73459448491573 -12.610103760241818 0.262 0 0 -0.023940576103192793 0.9997133833333668 0.014000000432133675 0.014000000432133675 0.012000000104308128
1698081442.6288013 81.00813310494208 -12.589581781856216 0.255 0 0 0.008056285093946968 0.9999675476086637 0.014000000432133675 0.014000000432133675 0.012000000104308128
1698081443.1367662 82.24844890205284 -12.476715720890358 0.312 0 0 0.04535838738959055 0.9989707786984642 0.014000000432133675 0.014000000432133675 0.012000000104308128
1698081443.6298547 83.38909639447375 -12.281766110724135 0.268 0 0 0.0845368753796887 0.9964203514085002 0.014000000432133675 0.014000000432133675 0.012000000104308128
1698081444.1400707 84.50759536745076 -12.056035181685834 0.22 0 0 0.0994060785594393 0.9950469494176818 0.014000000432133675 0.014000000432133675 0.014999999664723873
1698081444.6269693 85.61502006452724 -11.789262475404822 0.121 0 0 0.11792036697792327 0.9930230546426362 0.014000000432133675 0.014000000432133675 0.014000000432133675
1698081445.1369686 86.7335189541913 -11.440406168518617 0.10300000000000001 0 0 0.15059257217959757 0.9885959119905021 0.014000000432133675 0.014000000432133675 0.01600000075995922
1698081445.630211 87.87416637421572 -11.122331256113426 0.11399999999999999 0 0 0.13555457550111977 0.9907698809818106 0.014000000432133675 0.014000000432133675 0.014000000432133675
1698081446.1300597 89.01481375794691 -10.742693678072769 0.10999999999999999 0 0 0.15995703630901517 0.9871239772871675 0.014000000432133675 0.014000000432133675 0.014000000432133675
1698081446.6300943 90.1886839222156 -10.393837487571078 0.11499999999999999 0 0 0.14393427827805513 0.9895872490773996 0.014000000432133675 0.014000000432133675 0.012000000104308128
1698081447.1363592 91.39577678850311 -9.962897724690858 0.08299999999999999 0 0 0.17061266253576088 0.9853381751370738 0.014000000432133675 0.014000000432133675 0.010999999940395355
1698081447.6273286 92.5917953938377 -9.490916237224722 0.152 0 0 0.18682873904511293 0.9823924990892454 0.014000000432133675 0.014000000432133675 0.013000000268220901
1698081448.1407738 93.80996248312941 -8.967632564186273 0.155 0 0 0.20147741996436375 0.9794931593658546 0.014000000432133675 0.014000000432133675 0.014000000432133675
1698081448.6304023 95.02812957533865 -8.413567632268366 0.176 0 0 0.21181691268321018 0.977309365299112 0.014000000432133675 0.014000000432133675 0.014000000432133675
1698081449.1404676 96.19092543287496 -7.838981921774236 0.19 0 0 0.22746624396087656 0.9737859661436546 0.014000000432133675 0.014000000432133675 0.017000000923871994
1698081449.6331935 97.34264706933534 -7.27465675251589 0.26 0 0 0.22583624570015493 0.9741652786504246 0.014000000432133675 0.014000000432133675 0.017000000923871994
1698081450.1436973 98.48329452546199 -6.81293613531337 0.251 0 0 0.19113040068208462 0.9815646539760413 0.014000000432133675 0.014000000432133675 0.017999999225139618
1698081450.6237235 99.57964504304586 -6.4538200570866495 0.292 0 0 0.15761099495500225 0.9875012781102079 0.014000000432133675 0.014000000432133675 0.023000000044703484
1698081451.1380217 100.6759955881725 -6.135745809484086 0.28500000000000003 0 0 0.1407159143170642 0.9900500146244697 0.014000000432133675 0.014000000432133675 0.024000000208616257
1698081451.7240021 101.73912339599268 -5.827932063942369 0.193 0 0 0.14044877714951057 0.9900879460922687 0.014000000432133675 0.014000000432133675 0.014999999664723873
1698081452.1371386 102.8354739485525 -5.489337022250057 0.202 0 0 0.14921341765881888 0.9888050141410969 0.014000000432133675 0.014000000432133675 0.014999999664723873
1698081452.6310065 103.9650472445856 -5.109700247448706 0.245 0 0 0.1614049929695534 0.9868882551963511 0.014000000432133675 0.014000000432133675 0.013000000268220901
1698081453.1371093 105.12784329295695 -4.709542637205851 0.291 0 0 0.16496222432693483 0.9862998857067307 0.014000000432133675 0.014000000432133675 0.014000000432133675
1698081453.6310263 106.31278786681807 -4.3606872854885115 0.225 0 0 0.14267013454708768 0.989770292900487 0.014000000432133675 0.014000000432133675 0.014000000432133675
1698081454.1340272 107.48665819004692 -3.970790231402057 0.242 0 0 0.15965490490694267 0.9871728882719354 0.014000000432133675 0.014000000432133675 0.013000000268220901
1698081454.626972 108.64945428493407 -3.6219349973534047 0.301 0 0 0.14521954795495498 0.9893994556758956 0.014000000432133675 0.014000000432133675 0.009999999776482582
1698081455.124849 109.81225039732591 -3.303861131501089 0.338 0 0 0.1331089859965343 0.9911014064398125 0.014000000432133675 0.014000000432133675 0.009999999776482582
1698081455.6315732 111.00826928102607 -3.0678708073615097 0.432 0 0 0.09725143441554282 0.9952598447160015 0.014000000432133675 0.014000000432133675 0.009999999776482582
1698081456.1344886 112.2818079129681 -2.8113596340590146 0.40900000000000003 0 0 0.09921491002829311 0.9950660287780292 0.014000000432133675 0.014000000432133675 0.009999999776482582
1698081456.6310265 113.5331980481499 -2.534327634480868 0.41800000000000004 0 0 0.10871751065220374 0.9940726849066863 0.014000000432133675 0.014000000432133675 0.009999999776482582
1698081457.136924 114.851033679474 -2.195733063826641 0.395 0 0 0.12541511897896815 0.9921043533477167 0.014000000432133675 0.014000000432133675 0.012000000104308128
1698081457.6305604 116.11349807229861 -1.8673989909501123 0.40800000000000003 0 0 0.12687576590753744 0.9919186156259876 0.014000000432133675 0.014000000432133675 0.010999999940395355
1698081458.1379697 117.38703672695227 -1.559585839818014 0.5 0 0 0.11829779340963135 0.9929781629393529 0.014000000432133675 0.014000000432133675 0.010999999940395355
1698081458.6320171 118.70487238602239 -1.2415123037785123 0.519 0 0 0.11813896774332744 0.9929970716475155 0.014000000432133675 0.014000000432133675 0.009999999776482582
1698081459.1320562 120.03378229998238 -0.8721366658879179 0.494 0 0 0.13514039416632695 0.9908264600143507 0.014000000432133675 0.014000000432133675 0.009999999776482582
1698081459.6253316 121.35161797629372 -0.48224023216707185 0.585 0 0 0.14333233822948213 0.9896746136067497 0.014000000432133675 0.014000000432133675 0.009999999776482582
1698081460.1385527 122.69160216232407 -0.07182300696453171 0.605 0 0 0.14806010769619482 0.9889783640247097 0.014000000432133675 0.014000000432133675 0.009999999776482582
1698081460.6326776 124.03158636408962 0.41041714605893975 0.539 0 0 0.17186927349499934 0.9851197657281581 0.014000000432133675 0.014000000432133675 0.012000000104308128
1698081461.1367886 125.23867959151495 0.964480214815852 0.534 0 0 0.21350279035991898 0.9769424540414489 0.014000000432133675 0.014000000432133675 0.012000000104308128
1698081461.6335962 126.37932734497647 1.5185432032084376 0.5980000000000001 0 0 0.22416779806892606 0.9745505622126177 0.014000000432133675 0.014000000432133675 0.012000000104308128
1698081462.14596 127.53104936381827 2.0418248265541945 0.5980000000000001 0 0 0.21161937987999546 0.97735215662483 0.014000000432133675 0.014000000432133675 0.012000000104308128
1698081462.6325486 128.7159941493407 2.5445855133605373 0.627 0 0 0.1992913630260722 0.9799402801309937 0.014000000432133675 0.014000000432133675 0.009999999776482582
1698081463.1460338 129.92308745765823 3.078127391864383 0.62 0 0 0.20659433916617423 0.9784266855643767 0.014000000432133675 0.014000000432133675 0.009999999776482582
1698081463.6360314 131.14125503686552 3.6116691825053793 0.622 0 0 0.20494708345356458 0.9787730548926434 0.014000000432133675 0.014000000432133675 0.012000000104308128
1698081464.137094 132.38157112409286 4.104169188680438 0.651 0 0 0.18786860824986953 0.982194169212105 0.014000000432133675 0.014000000432133675 0.012000000104308128
1698081464.7325664 133.66618420367857 4.514585724248752 0.651 0 0 0.15400319747621988 0.988070349300646 0.014000000432133675 0.014000000432133675 0.012000000104308128
1698081465.2334683 134.9065002967687 4.925002203008464 0.628 0 0 0.15909902179684438 0.9872626303386993 0.014000000432133675 0.014000000432133675 0.012000000104308128
1698081465.734099 136.14681637420864 5.253335253057669 0.5740000000000001 0 0 0.12903001291130914 0.9916406888425401 0.014000000432133675 0.014000000432133675 0.010999999940395355
1698081466.1470385 137.33176117862766 5.489324491352178 0.525 0 0 0.09813389969554971 0.9951732199625067 0.014999999664723873 0.014999999664723873 0.012000000104308128
1698081466.6355546 138.4724089621997 5.653490778906639 0.438 0 0 0.07141024692661192 0.9974470294877219 0.014000000432133675 0.014000000432133675 0.012000000104308128
1698081467.146942 139.5798340235726 5.879219562255184 0.38 0 0 0.10036948441991977 0.9949502332264059 0.014000000432133675 0.014000000432133675 0.013000000268220901
1698081467.636744 140.57651655031773 6.002344183385247 0.367 0 0 0.06141718544355547 0.9981121827390906 0.014000000432133675 0.014000000432133675 0.014000000432133675
1698081468.1474476 141.48460501142543 5.95104173891356 0.353 0 0 -0.028213753393583077 0.9996019128230228 0.014999999664723873 0.014999999664723873 0.014999999664723873
1698081468.6273773 142.2598024368394 5.797135190081917 0.317 0 0 -0.09783818200953988 0.9952023362819584 0.014000000432133675 0.014000000432133675 0.014000000432133675
1698081469.1444871 142.75814350793652 5.335416281898661 0.34099999999999997 0 0 -0.36500248573974975 0.9310065442325332 0.014000000432133675 0.014000000432133675 0.01600000075995922
1698081469.728282 142.92425703653885 4.678749610724593 0.393 0 0 -0.6143126907171239 0.789062683203234 0.014000000432133675 0.014000000432133675 0.017000000923871994
1698081470.1483634 142.8245885674273 3.8989580356301032 0.441 0 0 -0.7505940462672803 0.6607636322529501 0.014000000432133675 0.014000000432133675 0.017999999225139618
1698081470.634516 142.45913813143108 3.057604006142632 0.474 0 0 -0.8361817977232723 0.5484523690862102 0.014000000432133675 0.014000000432133675 0.014999999664723873
1698081471.1485348 141.7946830103826 2.308593730843396 0.492 0 0 -0.9120363149056967 0.4101094491635578 0.014000000432133675 0.014000000432133675 0.014000000432133675
1698081471.641465 140.89766868998979 1.6314063326663955 0.46799999999999997 0 0 -0.948183927973675 0.31772195192087804 0.014000000432133675 0.014000000432133675 0.009999999776482582
1698081472.1484551 139.8677634024922 0.9336980279361802 0.40800000000000003 0 0 -0.956009229763043 0.2933365858666001 0.014000000432133675 0.014000000432133675 0.010999999940395355
1698081472.639471 138.749264152005 0.3283333962312068 0.40700000000000003 0 0 -0.9693949092910292 0.24550663909686274 0.014000000432133675 0.014000000432133675 0.010999999940395355
1698081473.1392717 137.52002243007573 -0.26677090677508913 0.395 0 0 -0.9746974554908504 0.22352823146005912 0.014000000432133675 0.014000000432133675 0.010999999940395355
1698081473.6410756 136.27970648214534 -0.8413544663258959 0.41700000000000004 0 0 -0.9765668380567555 0.2152143369012176 0.014000000432133675 0.014000000432133675 0.012000000104308128
1698081474.2465467 134.96187080484995 -1.364636022938216 0.394 0 0 -0.9821941466941659 0.18786872597566423 0.014000000432133675 0.014000000432133675 0.013000000268220901
1698081474.637841 133.59973814196283 -1.8263551427571871 0.378 0 0 -0.9866788406571414 0.16268025510024064 0.014000000432133675 0.014000000432133675 0.014000000432133675
1698081475.1486719 132.23760549653056 -2.298334768250195 0.404 0 0 -0.9861249367873481 0.16600484645379698 0.014000000432133675 0.014000000432133675 0.014000000432133675
1698081475.6382318 130.86439861977016 -2.780574904252076 0.362 0 0 -0.9857766635580293 0.168060612828824 0.014000000432133675 0.014000000432133675 0.012000000104308128
1698081476.148748 129.48011751114862 -3.2628151317426886 0.388 0 0 -0.9859862292287092 0.1668267237925369 0.014000000432133675 0.014000000432133675 0.014999999664723873
1698081476.6403496 128.04046516975586 -3.7347950345163614 0.351 0 0 -0.9874808406011815 0.15773899151948442 0.014000000432133675 0.014000000432133675 0.009999999776482582
1698081477.1492481 126.60081283735713 -4.175993746895108 0.35 0 0 -0.9889663913703904 0.14814005785008902 0.014000000432133675 0.014000000432133675 0.010999999940395355
1698081477.6356905 125.08364077229994 -4.6171925670177165 0.368 0 0 -0.9900056837284928 0.14102746606700198 0.014000000432133675 0.014000000432133675 0.009999999776482582
1698081478.1496615 123.58861721844984 -5.048131039945725 0.351 0 0 -0.9901712113727127 0.13986054543256554 0.014000000432133675 0.014000000432133675 0.009999999776482582
1698081478.637275 122.06037091986504 -5.448288319156232 0.334 0 0 -0.9918133342252718 0.12769616303142853 0.014000000432133675 0.014000000432133675 0.009999999776482582
1698081479.2502427 120.48782763306174 -5.838185266017959 0.314 0 0 -0.9926255725467009 0.12122076029432474 0.014000000432133675 0.014000000432133675 0.010999999940395355
1698081479.6381323 118.90421011359886 -6.238342730090245 0.331 0 0 -0.9923524418663503 0.12343674947879951 0.014000000432133675 0.014000000432133675 0.009999999776482582
1698081480.1532364 117.32059259855833 -6.617979412852488 0.316 0 0 -0.9930879623539222 0.11737247985679984 0.014000000432133675 0.014000000432133675 0.009999999776482582
1698081480.6417446 115.70375235180828 -7.007876622781935 0.279 0 0 -0.9930089512205543 0.1180390731743294 0.014000000432133675 0.014000000432133675 0.014000000432133675
1698081481.153378 114.08691211379768 -7.387513482802487 0.28600000000000003 0 0 -0.9933589324732948 0.11505664376956355 0.014000000432133675 0.014000000432133675 0.014999999664723873
1698081481.6419132 112.53651738416696 -7.767150388435512 0.27 0 0 -0.992800276974481 0.11978150958889211 0.014000000432133675 0.014000000432133675 0.013000000268220901
1698081482.1445916 110.98612261158627 -8.044182998684363 0.266 0 0 -0.9960944199410708 0.08829443109427497 0.014000000432133675 0.014000000432133675 0.013000000268220901
1698081482.6437514 109.45787632454133 -8.280173897591643 0.239 0 0 -0.997067298856979 0.07652974291115737 0.014000000432133675 0.014000000432133675 0.010999999940395355
1698081483.1511934 107.92962996778049 -8.38277913029918 0.20600000000000002 0 0 -0.9994382810582555 0.03351301769938661 0.014000000432133675 0.014000000432133675 0.012000000104308128
1698081483.6376815 106.39030930752408 -8.382779984106255 0.241 0 0 -0.9999999999999616 2.7733242886091023e-07 0.014000000432133675 0.014000000432133675 0.013000000268220901
1698081484.1540897 104.88421135937017 -8.310957729341713 0.228 0 0 0.9997161797813817 0.023823515343457714 0.014000000432133675 0.014000000432133675 0.012000000104308128
1698081484.63868 103.42241038197147 -8.187833221602999 0.215 0 0 0.9991175077357205 0.04200244916623942 0.014000000432133675 0.014000000432133675 0.010999999940395355
1698081485.1433442 101.97168365378926 -8.054448239713599 0.202 0 0 0.998949398677638 0.04582683582340603 0.014000000432133675 0.014000000432133675 0.010999999940395355
1698081485.6446369 100.57632817966885 -7.931323648576618 0.247 0 0 0.9990319159306329 0.043991259949775645 0.014000000432133675 0.014000000432133675 0.009999999776482582
1698081486.1551425 99.29171520153491 -7.808198977494466 0.242 0 0 0.9988588998870521 0.04775874910870299 0.014000000432133675 0.014000000432133675 0.010999999940395355
1698081486.6386163 98.09569623137934 -7.705595133198703 0.23 0 0 0.9990846844585042 0.04277608304240918 0.014000000432133675 0.014000000432133675 0.013000000268220901
1698081487.1498363 96.97719704306218 -7.674814362809762 0.213 0 0 0.9999053824737337 0.013755947806541014 0.014000000432133675 0.014000000432133675 0.013000000268220901
1698081487.642203 95.98051461858478 -7.6850753159865555 0.2 0 0 -0.9999867523092905 0.0051473494069940885 0.014000000432133675 0.014000000432133675 0.010999999940395355
1698081488.1435926 95.13887165375917 -7.633773502833227 0.159 0 0 0.9995367535362059 0.03043482101642871 0.014000000432133675 0.014000000432133675 0.010999999940395355
1698081488.6421974 94.3747484125857 -7.541429849433 0.10600000000000001 0 0 0.9981925574129539 0.06009674138742276 0.014000000432133675 0.014000000432133675 0.010999999940395355
1698081489.1499987 93.73244192389598 -7.469607025337568 0.065 0 0 0.998450336482469 0.0556500276553802 0.014000000432133675 0.014000000432133675 0.010999999940395355
1698081489.6431727 93.3116204203853 -7.397784086779612 0.055999999999999994 0 0 0.9964301272947319 0.08442156963362121 0.014000000432133675 0.014000000432133675 0.013000000268220901
1698081490.1505573 93.2341006560097 -7.356742327516802 0.025999999999999995 0 0 0.9705099263649665 0.24106115993056074 0.014000000432133675 0.014000000432133675 0.013000000268220901
1698081490.6420271 93.28947187159245 -7.295179602736304 -0.10199999999999998 0 0 0.40698305768700793 0.9134357069634039 0.014000000432133675 0.014000000432133675 0.012000000104308128
1698081491.1420465 93.23410052344077 -7.0797101886159295 -0.07 0 0 0.7902193252071911 0.6128241330668136 0.014000000432133675 0.014000000432133675 0.014000000432133675
1698081491.642541 93.03476400036773 -6.997626684976968 -0.08800000000000002 0 0 0.9809872475031352 0.19407220366714728 0.014000000432133675 0.014000000432133675 0.010999999940395355
1698081492.15448 92.87972443710886 -6.833459559697631 -0.12 0 0 0.9183155118901838 0.395849239764168 0.014000000432133675 0.014000000432133675 0.012000000104308128
1698081492.6440427 92.84650167123901 -6.792417776445001 -0.182 0 0 0.9025465828815341 0.4305922267399473 0.014000000432133675 0.014000000432133675 0.009999999776482582
1698081493.1469948 92.87972440006041 -6.751375961866247 -0.23399999999999999 0 0 0.4305926412880708 0.9025463851063628 0.014000000432133675 0.014000000432133675 0.009999999776482582
1698081493.6436524 92.90187286701929 -6.679552803510758 -0.23099999999999998 0 0 0.5938510951542595 0.8045749665407733 0.014000000432133675 0.014000000432133675 0.009999999776482582
1698081494.1500623 92.8132788641458 -6.659031942738971 -0.34199999999999997 0 0 0.9935309622070145 0.11356155659378665 0.014000000432133675 0.014000000432133675 0.013000000268220901
1698081494.758077 92.81327887815297 -6.689813293362608 -0.391 0 0 -0.7071066203007157 0.7071069420723427 0.014000000432133675 0.014000000432133675 0.012000000104308128
1698081495.1490452 92.80220463280664 -6.700073747390504 -0.40700000000000003 0 0 -0.9310062385281977 0.3650032654944015 0.014000000432133675 0.014000000432133675 0.014000000432133675
1698081495.638483 92.79113038364622 -6.7000737523471985 -0.42000000000000004 0 0 -0.9999999999999749 2.2379371006925498e-07 0.014000000432133675 0.014000000432133675 0.01600000075995922
1698081496.149709 92.7689818813511 -6.689813312892974 -0.42000000000000004 0 0 0.9765667690405407 0.2152146500722457 0.014000000432133675 0.014000000432133675 0.017000000923871994
1698081496.6441247 92.76898189016418 -6.710334211384177 -0.43000000000000005 0 0 -0.7071066293463244 0.707106933026738 0.014000000432133675 0.014000000432133675 0.014000000432133675
1698081497.1559114 92.76898188564718 -6.700073762130866 -0.43700000000000006 0 0 0.7071069368329888 0.7071066255400721 0.014000000432133675 0.014000000432133675 0.014000000432133675
1698081497.6473296 92.7689818813511 -6.689813312892974 -0.46799999999999997 0 0 0.7071069292204873 0.7071066331525767 0.014000000432133675 0.014000000432133675 0.014999999664723873
1698081498.1562564 92.76898188564718 -6.700073762130866 -0.45399999999999996 0 0 -0.7071066331525767 0.7071069292204873 0.014000000432133675 0.014000000432133675 0.014999999664723873
1698081498.6504226 92.78005613506714 -6.700073757218407 -0.481 0 0 2.2179647115701002e-07 0.9999999999999754 0.014000000432133675 0.014000000432133675 0.01600000075995922
1698081499.1568222 92.7800561306304 -6.689813307977893 -0.479 0 0 0.7071069340672994 0.7071066283057625 0.014000000432133675 0.014000000432133675 0.01600000075995922
1698081499.6503086 92.76898188564718 -6.700073762130866 -0.47 0 0 -0.9310062344357172 0.3650032759330063 0.014000000432133675 0.014000000432133675 0.009999999776482582
1698081500.1502283 92.76898188564718 -6.700073762130866 -0.46199999999999997 0 0 0.0 1.0 0.014000000432133675 0.014000000432133675 0.009999999776482582
1698081500.650881 92.76898188564718 -6.700073762130866 -0.45599999999999996 0 0 0.0 1.0 0.014000000432133675 0.014000000432133675 0.012000000104308128
1698081501.1576166 92.76898188564718 -6.700073762130866 -0.44500000000000006 0 0 0.0 1.0 0.014000000432133675 0.014000000432133675 0.014000000432133675
1698081501.6487052 92.75790764066794 -6.710334216298636 -0.45000000000000007 0 0 -0.9310062342718032 0.36500327635109836 0.014000000432133675 0.014000000432133675 0.014999999664723873
1698081502.1581 92.75790764066794 -6.710334216298636 -0.45699999999999996 0 0 0.0 1.0 0.014000000432133675 0.014000000432133675 0.014999999664723873
1698081502.6479988 92.7579076272903 -6.679552867069018 -0.44200000000000006 0 0 0.7071069348416328 0.7071066275314289 0.014000000432133675 0.014000000432133675 0.014999999664723873
1698081503.1583138 92.7579076272903 -6.679552867069018 -0.44600000000000006 0 0 0.0 1.0 0.014000000432133675 0.014000000432133675 0.014999999664723873
1698081503.6497815 92.75790763609359 -6.70007376703367 -0.399 0 0 -0.7071066295150287 0.7071069328580338 0.014000000432133675 0.014000000432133675 0.017000000923871994
1698081504.158653 92.75790763609359 -6.70007376703367 -0.38 0 0 0.0 1.0 0.014000000432133675 0.014000000432133675 0.017999999225139618
1698081504.6391807 92.75790763609359 -6.70007376703367 -0.42400000000000004 0 0 0.0 1.0 0.014000000432133675 0.014000000432133675 0.01600000075995922
1698081505.159226 92.76898189016418 -6.710334211384177 -0.41400000000000003 0 0 -0.36500286377894836 0.9310063960216205 0.014000000432133675 0.014000000432133675 0.01600000075995922
1698081505.824335 92.74683338386527 -6.689813322749578 -0.43700000000000006 0 0 0.9310063887481033 0.3650028823313806 0.014000000432133675 0.014000000432133675 0.014999999664723873
1698081506.1595497 92.74683337889323 -6.679552871989239 -0.44600000000000006 0 0 0.7071069525123859 0.7071066098606676 0.014000000432133675 0.014000000432133675 0.014999999664723873
1698081506.650539 92.746833396918 -6.72059467197693 -0.42900000000000005 0 0 -0.7071066259126044 0.7071069364604565 0.014000000432133675 0.014000000432133675 0.014999999664723873
1698081507.1601517 92.74683339242662 -6.7103342212528005 -0.44500000000000006 0 0 0.7071069359500809 0.7071066264229803 0.014000000432133675 0.014000000432133675 0.01600000075995922
1698081507.6471846 92.74683339242662 -6.7103342212528005 -0.42400000000000004 0 0 0.0 1.0 0.014000000432133675 0.014000000432133675 0.014999999664723873
1698081508.1599262 92.74683339242662 -6.7103342212528005 -0.43400000000000005 0 0 0.0 1.0 0.014000000432133675 0.014000000432133675 0.01600000075995922
1698081508.650718 92.74683338781499 -6.700073771977563 -0.44400000000000006 0 0 0.7071069400937403 0.7071066222793191 0.014000000432133675 0.014000000432133675 0.01600000075995922
1698081509.1535249 92.73575913798567 -6.700073776885951 -0.44000000000000006 0 0 -0.9999999999999755 2.2161263963388529e-07 0.014000000432133675 0.014000000432133675 0.014999999664723873
1698081509.7583134 92.7357591466345 -6.720594676867434 -0.43800000000000006 0 0 -0.7071066321761734 0.7071069301968902 0.014000000432133675 0.014000000432133675 0.014000000432133675
1698081510.1640072 92.7357591466345 -6.720594676867434 -0.42100000000000004 0 0 0.0 1.0 0.014000000432133675 0.014000000432133675 0.014000000432133675
1698081510.652589 92.7246848929886 -6.710334231075016 -0.42800000000000005 0 0 0.9310063797460757 0.3650029052926919 0.014000000432133675 0.014000000432133675 0.009999999776482582
1698081511.1582212 92.73575913798567 -6.700073776885951 -0.43000000000000005 0 0 0.3650032764592867 0.9310062342293877 0.014000000432133675 0.014000000432133675 0.009999999776482582
1698081511.6492367 92.7246848929886 -6.710334231075016 -0.45699999999999996 0 0 -0.9310062342293878 0.3650032764592866 0.014000000432133675 0.014000000432133675 0.009999999776482582
1698081512.159546 92.7246848929886 -6.710334231075016 -0.45299999999999996 0 0 0.0 1.0 0.014000000432133675 0.014000000432133675 0.012000000104308128
1698081512.6523786 92.71361064461446 -6.710334236019571 -0.46099999999999997 0 0 -0.9999999999999751 2.2324562449233144e-07 0.014000000432133675 0.014000000432133675 0.010999999940395355
1698081513.15968 92.71361064461446 -6.710334236019571 -0.45999999999999996 0 0 0.0 1.0 0.014000000432133675 0.014000000432133675 0.012000000104308128
1698081513.6467135 92.7246848883656 -6.700073781783939 -0.45899999999999996 0 0 0.3650033036224954 0.9310062235799846 0.014000000432133675 0.014000000432133675 0.014999999664723873
1698081514.1635237 92.7246848883656 -6.700073781783939 -0.45699999999999996 0 0 0.0 1.0 0.014000000432133675 0.014000000432133675 0.014999999664723873
1698081514.7513602 92.7246848929886 -6.710334231075016 -0.46399999999999997 0 0 -0.7071066218875784 0.7071069404854807 0.014000000432133675 0.014000000432133675 0.010999999940395355
1698081515.1633465 92.7246848883656 -6.700073781783939 -0.474 0 0 0.7071069404854807 0.7071066218875784 0.014000000432133675 0.014000000432133675 0.012000000104308128