1698081302.121124 0.5368379345287624 0.06811990076411092 -0.204783 0.000000 0.000000 0.000000 1.000000 0.014000 0.014000 0.010000
1698081302.62168 0.005274046476254237 -0.23969597741812163 -0.292783 0.000000 0.000000 -0.965758 0.259444 0.014000 0.014000 0.010000
1698081303.1313193 -0.43769585297919683 -0.5475118727214363 -0.275783 0.000000 0.000000 -0.954253 0.299000 0.014000 0.014000 0.010000
1698081303.6193347 -0.8031460148901644 -0.8040251335893868 -0.212783 0.000000 0.000000 -0.953545 0.301250 0.014000 0.014000 0.010000
1698081304.123432 -1.0800021974549572 -0.9784541594519957 -0.220783 0.000000 0.000000 -0.960749 0.277418 0.014000 0.014000 0.010000
1698081304.6198263 -1.1021506824402982 -1.122101582131904 -0.377783 0.000000 0.000000 -0.759074 0.651005 0.014000 0.014000 0.012000
1698081305.1257799 -1.1907446567085702 -1.2247068902936158 -0.412783 0.000000 0.000000 -0.909268 0.416211 0.014000 0.014000 0.014000
1698081305.619229 -1.3347098697198538 -1.2965306131680516 -0.371783 0.000000 0.000000 -0.973350 0.229323 0.014000 0.014000 0.011000
1698081306.1293128 -1.4011553549035172 -1.31705167878429 -0.319783 0.000000 0.000000 -0.988805 0.149214 0.014000 0.014000 0.012000
1698081306.6156313 -1.6890857783976345 -1.4812201916194554 -0.390783 0.000000 0.000000 -0.966622 0.256208 0.014000 0.014000 0.015000
1698081307.1273475 -2.054535912702879 -1.8403388038715933 -0.417783 0.000000 0.000000 -0.925543 0.378643 0.014000 0.014000 0.014000
1698081307.6210287 -2.5307285158262003 -2.1891969174589985 -0.455783 0.000000 0.000000 -0.950444 0.310896 0.014000 0.014000 0.012000
1698081308.15023 -2.9847726112944146 -2.5585761114457943 -0.505783 0.000000 0.000000 -0.942264 0.334871 0.014000 0.014000 0.012000
1698081308.6257443 -3.3391485044814853 -2.7432657415067783 -0.506783 0.000000 0.000000 -0.971286 0.237916 0.014000 0.014000 0.010000
1698081309.1272671 -3.52741067170204 -2.9689974733504862 -0.475783 0.000000 0.000000 -0.905674 0.423975 0.014000 0.014000 0.010000
1698081309.6235108 -3.660301627934089 -3.051081754063323 -0.419783 0.000000 0.000000 -0.961973 0.273144 0.014000 0.014000 0.010000
1698081310.1346924 -3.793192590525955 -3.092123908484616 -0.418783 0.000000 0.000000 -0.988805 0.149215 0.014000 0.014000 0.010000
1698081310.6257586 -3.892860831872948 -3.0305607362460623 -0.296783 0.000000 0.000000 0.961973 0.273144 0.014000 0.014000 0.010000
1698081311.1308458 -3.837489591961942 -3.0408212578184877 -0.272783 0.000000 0.000000 -0.091485 0.995806 0.014000 0.014000 0.011000
1698081311.633461 -3.7488956068761823 -3.061342302898454 -0.216783 0.000000 0.000000 -0.113563 0.993531 0.014000 0.014000 0.012000
1698081312.1391044 -3.704598621991641 -3.0305606982821645 -0.234783 0.000000 0.000000 0.299000 0.954253 0.014000 0.014000 0.012000
1698081312.6270702 -3.6492273546603977 -3.1742081329473177 -0.206783 0.000000 0.000000 -0.565831 0.824521 0.014000 0.014000 0.011000
1698081313.139344 -3.593856094544922 -3.276813439307498 -0.219783 0.000000 0.000000 -0.512390 0.858753 0.014000 0.014000 0.012000
1698081313.6295912 -3.505262095242812 -3.3588976742341834 -0.259783 0.000000 0.000000 -0.365005 0.931006 0.014000 0.014000 0.010000
1698081314.1398287 -3.4166680882778784 -3.471763501811723 -0.206783 0.000000 0.000000 -0.437350 0.899291 0.014000 0.014000 0.011000
1698081314.6332233 -3.2173315769697233 -3.697495148484933 -0.259783 0.000000 0.000000 -0.411143 0.911571 0.014000 0.014000 0.010000
1698081315.1401527 -2.9183267899680754 -4.087395266750441 -0.256783 0.000000 0.000000 -0.442416 0.896810 0.014000 0.014000 0.010000
1698081315.6285207 -2.5860991905561526 -4.672245448773376 -0.239783 0.000000 0.000000 -0.503028 0.864270 0.014000 0.014000 0.010000
1698081316.1449404 -2.143129014724546 -5.472566713878627 -0.244783 0.000000 0.000000 -0.507808 0.861470 0.014000 0.014000 0.011000
1698081316.6347158 -1.700158754291376 -6.375493235823207 -0.212783 0.000000 0.000000 -0.528940 0.848659 0.014000 0.014000 0.010000
1698081317.14468 -1.2239656363457865 -7.40154605156634 -0.179783 0.000000 0.000000 -0.538064 0.842904 0.014000 0.014000 0.011000
1698081317.6339672 -0.6591783987075466 -8.550725111226026 -0.194783 0.000000 0.000000 -0.528640 0.848846 0.014000 0.014000 0.011000
1698081318.1425445 -0.09439105882638706 -9.720425144155737 -0.176783 0.000000 0.000000 -0.531595 0.846999 0.014000 0.014000 0.011000
1698081318.6333942 0.5146934215736213 -10.972209288622636 -0.104783 0.000000 0.000000 -0.530317 0.847800 0.014000 0.014000 0.012000
1698081319.1401432 1.1127036754837678 -12.121388054335748 -0.063783 0.000000 0.000000 -0.518836 0.854874 0.014000 0.014000 0.012000
1698081319.6375802 1.766085246289836 -13.260306154747179 0.013217 0.000000 0.000000 -0.501191 0.865336 0.014000 0.014000 0.011000
1698081320.140952 2.4526896094950694 -14.358182011061137 -0.018783 0.000000 0.000000 -0.484645 0.874711 0.014000 0.014000 0.010000
1698081320.6345599 3.117145492844572 -15.394494630572323 0.042217 0.000000 0.000000 -0.479711 0.877426 0.014000 0.014000 0.010000
1698081321.1610203 3.825898506304182 -16.492370269468356 0.026217 0.000000 0.000000 -0.478347 0.878171 0.014000 0.014000 0.010000
1698081321.634755 4.523577352861863 -17.59024581934556 0.023217 0.000000 0.000000 -0.481485 0.876455 0.014000 0.014000 0.010000
1698081322.1444504 5.199107758183034 -18.66760024353779 0.029217 0.000000 0.000000 -0.484132 0.874995 0.014000 0.014000 0.013000
1698081322.6378648 5.874638227777476 -19.734694043971402 -0.022783 0.000000 0.000000 -0.482242 0.876038 0.014000 0.014000 0.011000
1698081323.145679 6.539094567441937 -20.83256933930981 -0.008783 0.000000 0.000000 -0.491032 0.871142 0.014000 0.014000 0.011000
1698081323.6388288 7.170328155467719 -21.86888144125613 -0.024783 0.000000 0.000000 -0.489792 0.871840 0.014000 0.014000 0.010000
1698081324.142117 7.790487582151153 -22.915453997772445 -0.038783 0.000000 0.000000 -0.495084 0.868845 0.014000 0.014000 0.010000
1698081324.636147 8.443869792089203 -23.9415053658778 -0.003783 0.000000 0.000000 -0.481075 0.876679 0.014000 0.014000 0.010000
1698081325.1486733 9.097252209226312 -25.049640833368453 -0.029783 0.000000 0.000000 -0.496030 0.868305 0.014000 0.014000 0.010000
1698081325.6437953 9.76170906190724 -26.219339319590443 -0.029783 0.000000 0.000000 -0.503027 0.864271 0.014000 0.014000 0.010000
1698081326.1494567 10.43724029077268 -27.40955872906738 -0.035783 0.000000 0.000000 -0.503187 0.864178 0.014000 0.014000 0.010000
1698081326.651352 11.179217295272982 -28.70238312265734 -0.069783 0.000000 0.000000 -0.501115 0.865380 0.014000 0.014000 0.010000
1698081327.1591456 11.910120062206197 -29.94390480667964 -0.084783 0.000000 0.000000 -0.496323 0.868138 0.014000 0.014000 0.010000
1698081327.6502037 12.70746860822777 -31.277770918409427 -0.130783 0.000000 0.000000 -0.493412 0.869796 0.014000 0.014000 0.010000
1698081328.1702993 13.515891433082732 -32.57059478695131 -0.117783 0.000000 0.000000 -0.484669 0.874697 0.014000 0.014000 0.010000
1698081328.6517973 14.35753725029757 -33.92498155845522 -0.197783 0.000000 0.000000 -0.485895 0.874017 0.014000 0.014000 0.010000
1698081329.1529715 15.221331495161468 -35.197283975158065 -0.213783 0.000000 0.000000 -0.468135 0.883657 0.014000 0.014000 0.010000
1698081329.6542063 16.05190310348529 -36.46958632745529 -0.230783 0.000000 0.000000 -0.476109 0.879387 0.014000 0.014000 0.010000
1698081330.1590326 16.88247502506198 -37.82397268316567 -0.245783 0.000000 0.000000 -0.488480 0.872575 0.014000 0.014000 0.010000
1698081330.6533148 17.72412155635892 -39.27070351758103 -0.337783 0.000000 0.000000 -0.498571 0.866849 0.014000 0.014000 0.010000
1698081331.1603787 18.587916667230463 -40.696913095439335 -0.339783 0.000000 0.000000 -0.490892 0.871220 0.014000 0.014000 0.010000
1698081331.6519938 19.45171222931811 -42.23598818976034 -0.389783 0.000000 0.000000 -0.505258 0.862968 0.014000 0.014000 0.010000
1698081332.1605797 20.32658189887649 -43.67245792027887 -0.387783 0.000000 0.000000 -0.489815 0.871826 0.014000 0.014000 0.010000
1698081332.6546469 21.212526169927955 -45.180751054629106 -0.446783 0.000000 0.000000 -0.496753 0.867892 0.014000 0.014000 0.010000
1698081333.1562407 22.13169330319249 -46.67878339462728 -0.427783 0.000000 0.000000 -0.488373 0.872635 0.014000 0.014000 0.010000
1698081333.6528873 23.028711862006233 -48.104992030236694 -0.413783 0.000000 0.000000 -0.483527 0.875329 0.014000 0.014000 0.010000
1698081334.1626542 23.88143356402347 -49.531200640975776 -0.420783 0.000000 0.000000 -0.493373 0.869818 0.014000 0.014000 0.010000
1698081334.6596973 24.678783850227976 -50.86506466339177 -0.432783 0.000000 0.000000 -0.493411 0.869796 0.014000 0.014000 0.010000
1698081335.1633472 25.44291151081656 -52.1989286600621 -0.437783 0.000000 0.000000 -0.501458 0.865182 0.014000 0.014000 0.010000
1698081335.6588652 26.240261889066627 -53.491750358168325 -0.404783 0.000000 0.000000 -0.487370 0.873196 0.014000 0.014000 0.011000
1698081336.163569 26.993315200088688 -54.73326952459999 -0.410783 0.000000 0.000000 -0.490605 0.871382 0.014000 0.014000 0.010000
1698081336.6577046 27.74636830979171 -55.892704485084884 -0.376783 0.000000 0.000000 -0.477130 0.878833 0.014000 0.014000 0.010000
1698081337.1660063 28.521570006105705 -57.05213924562858 -0.344783 0.000000 0.000000 -0.471267 0.881990 0.014000 0.014000 0.010000
1698081337.658668 29.27462357227232 -58.28339753807179 -0.396783 0.000000 0.000000 -0.488998 0.872285 0.014000 0.014000 0.012000
1698081338.1619227 30.016602748328797 -59.45309269718711 -0.393783 0.000000 0.000000 -0.481842 0.876258 0.014000 0.014000 0.010000
1698081338.6629963 30.75858218095999 -60.663829775780684 -0.427783 0.000000 0.000000 -0.488611 0.872502 0.014000 0.014000 0.010000
1698081339.17026 31.500561752612064 -61.884827244685006 -0.415783 0.000000 0.000000 -0.490247 0.871583 0.014000 0.014000 0.010000
1698081339.664588 32.17609542170057 -62.98269877930464 -0.326783 0.000000 0.000000 -0.487825 0.872941 0.014000 0.014000 0.010000
1698081340.170809 32.98452067115241 -64.20369573690877 -0.374783 0.000000 0.000000 -0.473253 0.880926 0.014000 0.014000 0.010000
1698081340.6936505 33.781871860254384 -65.4452136255018 -0.413783 0.000000 0.000000 -0.479380 0.877607 0.014000 0.014000 0.010000
1698081341.1741376 34.546000226924875 -66.64568950253951 -0.396783 0.000000 0.000000 -0.481160 0.876633 0.014000 0.014000 0.010000
1698081341.6600056 35.35442591267226 -67.897467589044 -0.557783 0.000000 0.000000 -0.478268 0.878214 0.014000 0.014000 0.011000
1698081342.1626253 36.1628515147377 -69.10820352300925 -0.570783 0.000000 0.000000 -0.471538 0.881846 0.014000 0.014000 0.010000
1698081342.6548398 36.926980222259814 -70.31893953233894 -0.588783 0.000000 0.000000 -0.482846 0.875705 0.014000 0.014000 0.010000
1698081343.1682458 37.73540626288133 -71.58097772741941 -0.577783 0.000000 0.000000 -0.479898 0.877324 0.014000 0.014000 0.010000
1698081343.6651652 38.554906855380786 -72.88405774850045 -0.602783 0.000000 0.000000 -0.483545 0.875319 0.014000 0.014000 0.010000
1698081344.1768239 39.39655570571302 -74.11531400151114 -0.616783 0.000000 0.000000 -0.466732 0.884399 0.014000 0.014000 0.010000
1698081344.669287 40.28250134220112 -75.2850068825319 -0.532783 0.000000 0.000000 -0.445097 0.895482 0.014000 0.014000 0.010000
1698081345.1734245 41.1573730300265 -76.49574168891606 -0.538783 0.000000 0.000000 -0.455143 0.890418 0.014000 0.014000 0.012000
1698081345.6964138 41.97687352258725 -77.69621614077596 -0.506783 0.000000 0.000000 -0.467010 0.884252 0.014000 0.014000 0.010000
1698081346.1703653 42.78530023759623 -78.96851402012524 -0.501783 0.000000 0.000000 -0.481508 0.876442 0.014000 0.014000 0.010000
1698081346.6664753 43.471909893816296 -80.15872841308264 -0.494783 0.000000 0.000000 -0.500153 0.865937 0.014000 0.014000 0.010000
1698081347.164011 44.080999465295406 -81.26685911948675 -0.511783 0.000000 0.000000 -0.509074 0.860723 0.014000 0.014000 0.010000
1698081347.6630592 44.60149446102252 -82.25186422879607 -0.525783 0.000000 0.000000 -0.516139 0.856505 0.014000 0.014000 0.010000
1698081348.1774929 45.07769224697223 -83.18556702211659 -0.558783 0.000000 0.000000 -0.522335 0.852741 0.014000 0.014000 0.010000
1698081348.6633043 45.49851804976071 -83.97562308593473 -0.544783 0.000000 0.000000 -0.514723 0.857357 0.014000 0.014000 0.012000
1698081349.1719432 45.919343492039076 -84.69385561863396 -0.537783 0.000000 0.000000 -0.497225 0.867621 0.014000 0.014000 0.015000
1698081349.66499 46.41768824235979 -85.33000369125286 -0.549783 0.000000 0.000000 -0.437788 0.899078 0.014000 0.014000 0.012000
1698081350.175662 46.982478276186775 -85.92510935367196 -0.519783 0.000000 0.000000 -0.394721 0.918801 0.014000 0.014000 0.013000
1698081350.6931427 47.6026386956057 -86.3663072003538 -0.458783 0.000000 0.000000 -0.304274 0.952584 0.014000 0.014000 0.011000
1698081351.1761124 48.31139311466694 -86.80750450186456 -0.408783 0.000000 0.000000 -0.274816 0.961497 0.014000 0.014000 0.012000
1698081351.6615086 49.09766657466958 -87.12557536166659 -0.407783 0.000000 0.000000 -0.191021 0.981586 0.014000 0.014000 0.011000
1698081352.1724901 49.917162312744324 -87.36156203256071 -0.428783 0.000000 0.000000 -0.139731 0.990189 0.014000 0.014000 0.012000
1698081352.666361 50.84740006277642 -87.51546407746423 -0.408783 0.000000 0.000000 -0.081888 0.996642 0.014000 0.014000 0.011000
1698081353.1792936 51.788711647398934 -87.59754258035059 -0.409783 0.000000 0.000000 -0.043474 0.999055 0.014000 0.014000 0.012000
1698081353.6708984 52.79646866438045 -87.66936019435364 -0.400783 0.000000 0.000000 -0.035565 0.999367 0.014000 0.014000 0.010000
1698081354.1844466 53.77100281778689 -87.72065700447335 -0.402783 0.000000 0.000000 -0.026291 0.999654 0.014000 0.014000 0.010000
1698081354.6735942 54.745536675725816 -87.72065134911344 -0.431783 0.000000 0.000000 0.000003 1.000000 0.014000 0.014000 0.010000
1698081355.1802738 55.67577312333858 -87.64882251028543 -0.431783 0.000000 0.000000 0.038522 0.999258 0.014000 0.014000 0.010000
1698081355.6943934 56.60600850428585 -87.3923048428338 -0.453783 0.000000 0.000000 0.134129 0.990964 0.014000 0.014000 0.010000
1698081356.1721869 57.51409468401137 -87.01266145171124 -0.426783 0.000000 0.000000 0.196702 0.980463 0.014000 0.014000 0.010000
1698081356.6706767 58.43325471103552 -86.56119461366711 -0.448783 0.000000 0.000000 0.226303 0.974057 0.014000 0.014000 0.010000
1698081357.1814268 59.319191364298064 -85.99686264080623 -0.438783 0.000000 0.000000 0.279801 0.960058 0.014000 0.014000 0.010000
1698081357.675038 60.21620222993104 -85.42227018384618 -0.505783 0.000000 0.000000 0.281020 0.959702 0.014000 0.014000 0.010000
1698081358.1825383 61.135361730738495 -84.86819864527935 -0.481783 0.000000 0.000000 0.267925 0.963440 0.014000 0.014000 0.010000
1698081358.6715302 62.098818189110304 -84.30386644050738 -0.487783 0.000000 0.000000 0.261845 0.965110 0.014000 0.014000 0.010000
1698081359.1772685 63.073348975553984 -83.74979473348984 -0.491783 0.000000 0.000000 0.255619 0.966778 0.014000 0.014000 0.010000
1698081359.671647 64.0700281673869 -83.17520200248579 -0.414783 0.000000 0.000000 0.258514 0.966008 0.014000 0.014000 0.010000
1698081360.1835084 65.0667076062454 -82.64165128997779 -0.424783 0.000000 0.000000 0.243288 0.969954 0.014000 0.014000 0.012000
1698081360.6970248 66.08553528361618 -82.05679810399259 -0.390783 0.000000 0.000000 0.257620 0.966246 0.014000 0.014000 0.010000
1698081361.1813395 67.02684324559117 -81.47194541514371 -0.353783 0.000000 0.000000 0.274408 0.961613 0.014000 0.014000 0.010000
1698081361.591018 68.03459694103533 -80.92813437556575 -0.356783 0.000000 0.000000 0.244905 0.969547 0.014000 0.014000 0.010000
1698081362.1837947 69.09772201003508 -80.404844079428 -0.353783 0.000000 0.000000 0.226713 0.973962 0.014000 0.014000 0.010000
1698081362.6777303 70.14977290315109 -79.89181439723382 -0.342783 0.000000 0.000000 0.224917 0.974378 0.014000 0.014000 0.010000
1698081363.182378 71.20182408526856 -79.43008719076308 -0.331783 0.000000 0.000000 0.205315 0.978696 0.014000 0.014000 0.010000
1698081363.6736462 72.2870980825299 -78.97862035558902 -0.352783 0.000000 0.000000 0.195835 0.980637 0.014000 0.014000 0.010000
1698081364.1847482 73.36129779201308 -78.51689316298953 -0.336783 0.000000 0.000000 0.201588 0.979470 0.014000 0.014000 0.010000
1698081364.6712227 74.43549725279316 -78.00386364272201 -0.364783 0.000000 0.000000 0.220942 0.975287 0.014000 0.014000 0.010000
1698081365.1751993 75.49862243000162 -77.48057377405486 -0.348783 0.000000 0.000000 0.226713 0.973962 0.014000 0.014000 0.010000
1698081365.6925762 76.55067337806051 -76.95728403305553 -0.390783 0.000000 0.000000 0.228739 0.973488 0.014000 0.014000 0.010000
1698081366.1838114 77.56950134155407 -76.38269215282125 -0.369783 0.000000 0.000000 0.253942 0.967219 0.014000 0.014000 0.010000
1698081366.6798904 78.54403253790267 -75.84914247473725 -0.416783 0.000000 0.000000 0.247848 0.968799 0.014000 0.014000 0.010000
1698081367.1863978 79.4299699187327 -75.34637473387502 -0.426783 0.000000 0.000000 0.255233 0.966879 0.014000 0.014000 0.010000
1698081367.6779969 80.36020425994323 -74.83334635707348 -0.412783 0.000000 0.000000 0.249340 0.968416 0.014000 0.014000 0.010000
1698081368.1869063 81.30151281892374 -74.31005751407751 -0.410783 0.000000 0.000000 0.250975 0.967994 0.014000 0.014000 0.010000
1698081368.6783237 82.24282099603595 -73.70468495005802 -0.362783 0.000000 0.000000 0.281888 0.959447 0.014000 0.014000 0.010000
1698081369.1845217 83.28379768572319 -73.15061434189604 -0.341783 0.000000 0.000000 0.242130 0.970244 0.014000 0.014000 0.010000
1698081369.6706765 84.33584864552873 -72.59654375868612 -0.371783 0.000000 0.000000 0.240007 0.970771 0.014000 0.014000 0.010000
1698081370.1848533 85.34360272991094 -72.06299440485797 -0.361783 0.000000 0.000000 0.241064 0.970509 0.014000 0.014000 0.010000
1698081370.6939185 86.26276323316004 -71.61152930917771 -0.376783 0.000000 0.000000 0.226302 0.974057 0.014000 0.014000 0.010000
1698081371.1793785 87.00473625235996 -71.26266980274083 -0.372783 0.000000 0.000000 0.217989 0.975951 0.014000 0.014000 0.010000
1698081371.67611 87.66918968278173 -70.94459210511742 -0.324783 0.000000 0.000000 0.221384 0.975187 0.014000 0.014000 0.010000
1698081372.1798046 88.30042047160528 -70.6470355304019 -0.323783 0.000000 0.000000 0.218473 0.975843 0.014000 0.014000 0.010000
1698081372.6771138 88.99809671085407 -70.33921820209251 -0.328783 0.000000 0.000000 0.206266 0.978496 0.014000 0.014000 0.010000
1698081373.186652 89.81758940953917 -69.96983752788228 -0.300783 0.000000 0.000000 0.210157 0.977668 0.014000 0.014000 0.010000
1698081373.684186 90.67030486363274 -69.60045673950438 -0.368783 0.000000 0.000000 0.202970 0.979185 0.014000 0.014000 0.010000
1698081374.1867895 91.55624321526717 -69.2618572422276 -0.355783 0.000000 0.000000 0.181519 0.983387 0.014000 0.014000 0.010000
1698081374.6803527 92.4311071865336 -68.89247643631788 -0.383783 0.000000 0.000000 0.198429 0.980115 0.014000 0.014000 0.010000
1698081375.1929646 93.21737694422978 -68.47179374387242 -0.391783 0.000000 0.000000 0.243178 0.969982 0.014000 0.014000 0.011000
1698081375.6935532 93.87075577390388 -68.06137215923387 -0.477783 0.000000 0.000000 0.276770 0.960936 0.014000 0.014000 0.011000
1698081376.1960475 94.42446564143421 -67.48678361338096 -0.471783 0.000000 0.000000 0.391214 0.920300 0.014000 0.014000 0.012000
1698081376.6939166 94.77883841630448 -66.7685494806654 -0.420783 0.000000 0.000000 0.527983 0.849255 0.014000 0.014000 0.010000
1698081377.2003424 95.01139471062483 -66.10161823912064 -0.407783 0.000000 0.000000 0.579114 0.815246 0.014000 0.014000 0.010000
1698081377.6913416 95.12213407571944 -65.38338522165385 -0.383783 0.000000 0.000000 0.651006 0.759073 0.014000 0.014000 0.010000
1698081378.1988509 95.1110566922028 -64.65489227054255 -0.377783 0.000000 0.000000 0.712462 0.701711 0.014000 0.014000 0.010000
1698081378.6819448 94.98923633531345 -63.80327421043634 -0.284783 0.000000 0.000000 0.755515 0.655132 0.014000 0.014000 0.010000
1698081379.194926 94.84526774314585 -63.002958551950194 -0.294783 0.000000 0.000000 0.767153 0.641464 0.014000 0.014000 0.010000
1698081379.6898808 94.67915044172801 -62.141080179744044 -0.298783 0.000000 0.000000 0.771121 0.636689 0.014000 0.014000 0.010000
1698081380.1925926 94.54625576839935 -61.23815979188965 -0.323783 0.000000 0.000000 0.756840 0.653600 0.014000 0.014000 0.011000
1698081380.6960747 94.38013803627399 -60.24289533557366 -0.206783 0.000000 0.000000 0.763096 0.646285 0.014000 0.014000 0.010000
1698081381.193518 94.23616910795295 -59.30919356185958 -0.212783 0.000000 0.000000 0.759075 0.651003 0.014000 0.014000 0.010000
1698081381.6911693 94.1364975495671 -58.45757532195514 -0.331783 0.000000 0.000000 0.747076 0.664739 0.014000 0.014000 0.010000
1698081382.1965296 94.09219720612826 -57.58543593013063 -0.318783 0.000000 0.000000 0.724821 0.688938 0.014000 0.014000 0.010000
1698081382.6912146 94.0589711616152 -56.71329649014213 -0.294783 0.000000 0.000000 0.720441 0.693517 0.014000 0.014000 0.010000
1698081383.1939175 94.03681930269481 -55.810375609256205 -0.314783 0.000000 0.000000 0.715726 0.698382 0.014000 0.014000 0.010000
1698081383.694646 93.98144478855312 -54.91771531294594 -0.389783 0.000000 0.000000 0.728668 0.684867 0.014000 0.014000 0.010000
1698081384.2035906 93.94821908201722 -54.09687818843327 -0.409783 0.000000 0.000000 0.721264 0.692660 0.014000 0.014000 0.010000
1698081384.6945195 93.90391931582286 -53.31708296365323 -0.369783 0.000000 0.000000 0.726883 0.686761 0.014000 0.014000 0.010000
1698081385.1981251 93.85961955342194 -52.527027267596935 -0.354783 0.000000 0.000000 0.726630 0.687028 0.014000 0.014000 0.010000
1698081385.6944087 93.7931711944844 -51.69592977956381 -0.300783 0.000000 0.000000 0.734744 0.678344 0.014000 0.014000 0.010000
1698081386.1957264 93.6381287865977 -50.83405118581271 -0.306783 0.000000 0.000000 0.767153 0.641464 0.014000 0.014000 0.010000
1698081386.6956336 93.48308622493809 -49.9106097783121 -0.272783 0.000000 0.000000 0.763406 0.645918 0.014000 0.014000 0.010000
1698081387.200068 93.32804378599587 -49.00768928411635 -0.265783 0.000000 0.000000 0.764603 0.644502 0.014000 0.014000 0.010000
1698081387.687629 93.16192685871324 -48.01242461275978 -0.272783 0.000000 0.000000 0.763096 0.646286 0.014000 0.014000 0.010000
1698081388.1996212 92.98473565157396 -46.986378554277834 -0.259783 0.000000 0.000000 0.764910 0.644137 0.014000 0.014000 0.010000
1698081388.6941895 92.80754423428354 -45.86798827442258 -0.259783 0.000000 0.000000 0.760422 0.649430 0.014000 0.014000 0.010000
1698081389.1972022 92.65250157947318 -44.81116070209778 -0.241783 0.000000 0.000000 0.756688 0.653777 0.014000 0.014000 0.011000
1698081389.6904442 92.50853321815701 -43.744072610241474 -0.178783 0.000000 0.000000 0.752896 0.658139 0.014000 0.014000 0.010000
1698081390.2003295 92.35349068348097 -42.67698452767609 -0.168783 0.000000 0.000000 0.756236 0.654299 0.014000 0.014000 0.011000
1698081390.6970181 92.209522416848 -41.589375460875786 -0.096783 0.000000 0.000000 0.752073 0.659080 0.014000 0.014000 0.010000
1698081391.198001 92.08770272547665 -40.50176631353801 -0.089783 0.000000 0.000000 0.745423 0.666592 0.014000 0.014000 0.010000
1698081391.6951368 91.96588316604117 -39.4346780814703 -0.091783 0.000000 0.000000 0.746131 0.665799 0.014000 0.014000 0.010000
1698081392.1958241 91.83298948548273 -38.3881107958761 -0.053783 0.000000 0.000000 0.750323 0.661071 0.014000 0.014000 0.011000
1698081392.6927667 91.65579890752053 -37.351804068145356 -0.030783 0.000000 0.000000 0.764375 0.644772 0.014000 0.014000 0.010000
1698081393.1111195 91.50075687276099 -36.30523679433389 -0.019783 0.000000 0.000000 0.757147 0.653244 0.014000 0.014000 0.010000
1698081393.6990175 91.36786343342 -35.26892991593435 0.020217 0.000000 0.000000 0.750732 0.660607 0.014000 0.014000 0.010000
1698081394.2077658 91.20174729435735 -34.222362625945905 0.026217 0.000000 0.000000 0.760514 0.649322 0.014000 0.014000 0.010000
1698081394.6996598 91.00240850448186 -33.18605585459577 0.023217 0.000000 0.000000 0.771003 0.636831 0.014000 0.014000 0.010000
1698081395.2067313 90.81414403347735 -32.1497490320461 0.019217 0.000000 0.000000 0.767705 0.640803 0.014000 0.014000 0.010000
1698081395.6999063 90.61480536538686 -31.103181738251497 0.081217 0.000000 0.000000 0.770424 0.637532 0.014000 0.014000 0.010000
1698081396.209796 90.44868959674604 -30.09765622263827 0.084217 0.000000 0.000000 0.762559 0.646918 0.014000 0.014000 0.010000
1698081396.6920218 90.26042527939346 -29.0305679201849 0.110217 0.000000 0.000000 0.766076 0.642750 0.014000 0.014000 0.010000
1698081397.20394 90.08323541916172 -28.03530284646764 0.108217 0.000000 0.000000 0.766576 0.642154 0.014000 0.014000 0.010000
1698081397.7014077 89.9060455512241 -26.998995877223305 0.079217 0.000000 0.000000 0.764374 0.644773 0.014000 0.014000 0.010000
1698081398.2014267 89.72885577196982 -25.972949351174194 0.082217 0.000000 0.000000 0.764909 0.644138 0.014000 0.014000 0.010000
1698081398.694826 89.5848887744822 -24.92638181063441 0.104217 0.000000 0.000000 0.753750 0.657161 0.014000 0.014000 0.010000
1698081399.205188 89.44092186590399 -23.890074718127163 0.116217 0.000000 0.000000 0.754189 0.656658 0.014000 0.014000 0.010000
1698081399.7025244 89.31910352702303 -22.85376757109738 0.029217 0.000000 0.000000 0.747244 0.664550 0.014000 0.014000 0.010000
1698081400.2065816 89.17513677545574 -21.827720910199393 0.021217 0.000000 0.000000 0.754636 0.656144 0.014000 0.014000 0.012000
1698081400.701846 88.98687304303385 -20.76063241337309 0.007217 0.000000 0.000000 0.766076 0.642750 0.014000 0.014000 0.010000
1698081401.2003074 88.79860938420198 -19.693543891169686 -0.017783 0.000000 0.000000 0.766076 0.642750 0.014000 0.014000 0.010000
1698081401.7026236 88.59927150259608 -18.58541347895337 0.002217 0.000000 0.000000 0.767152 0.641465 0.014000 0.014000 0.010000
1698081402.2056997 88.43315648442344 -17.508064406456683 0.023217 0.000000 0.000000 0.759074 0.651004 0.014000 0.014000 0.010000
1698081402.696934 88.28919005052698 -16.44097575501661 0.020217 0.000000 0.000000 0.752896 0.658140 0.014000 0.014000 0.010000
1698081403.2038407 88.12307515356076 -15.332845228878924 0.008217 0.000000 0.000000 0.757710 0.652591 0.014000 0.014000 0.010000
1698081403.6939929 88.02340579253072 -14.18367273693112 0.026217 0.000000 0.000000 0.737023 0.675867 0.014000 0.014000 0.010000
1698081404.2044075 87.95695928193581 -13.055021140632796 0.048217 0.000000 0.000000 0.727589 0.686014 0.014000 0.014000 0.010000
1698081404.697036 87.83514160487533 -11.916109109085344 -0.025783 0.000000 0.000000 0.743758 0.668449 0.014000 0.014000 0.010000
1698081405.2075255 87.73547253286792 -10.807978452284992 -0.030783 0.000000 0.000000 0.738100 0.674692 0.014000 0.014000 0.010000
1698081405.6955202 87.65795207897683 -9.761410584912174 -0.052783 0.000000 0.000000 0.732758 0.680489 0.014000 0.014000 0.010000
1698081406.209993 87.52506045998517 -8.725103209531163 -0.052783 0.000000 0.000000 0.750731 0.660608 0.014000 0.014000 0.010000
1698081406.7060516 87.33679773059345 -7.81192148452868 -0.092783 0.000000 0.000000 0.775214 0.631698 0.014000 0.014000 0.010000
1698081407.208108 87.11531242437782 -7.144991036588757 -0.056783 0.000000 0.000000 0.810917 0.585162 0.014000 0.014000 0.010000
1698081407.7068746 86.90490152256102 -6.765353732736233 -0.086783 0.000000 0.000000 0.861616 0.507560 0.014000 0.014000 0.012000
1698081408.2122815 86.77201049197065 -6.662749088257457 -0.046783 0.000000 0.000000 0.946448 0.322857 0.014000 0.014000 0.016000
1698081408.7039876 86.65019383364078 -6.837177140548026 -0.109783 0.000000 0.000000 -0.886727 0.462294 0.014000 0.014000 0.014000
1698081409.2091334 86.50622866928543 -6.99108426582741 -0.123783 0.000000 0.000000 -0.917367 0.398042 0.014000 0.014000 0.015000
1698081409.7000551 86.28474382951869 -7.278377548435567 -0.175783 0.000000 0.000000 -0.897374 0.441271 0.014000 0.014000 0.013000
1698081410.2060225 86.12970452314951 -7.637494103875874 -0.192783 0.000000 0.000000 -0.835573 0.549380 0.014000 0.014000 0.013000
1698081410.7014525 85.99681374010058 -8.0273920674714 -0.153783 0.000000 0.000000 -0.813207 0.581975 0.014000 0.014000 0.012000
1698081411.207882 85.93036845452629 -8.40702952910187 -0.123783 0.000000 0.000000 -0.765638 0.643272 0.014000 0.014000 0.012000
1698081411.6973789 86.04111114004485 -8.75588547858832 -0.158783 0.000000 0.000000 -0.590523 0.807021 0.014000 0.014000 0.012000
1698081412.2085304 86.29581905639846 -9.084220396040873 -0.151783 0.000000 0.000000 -0.439918 0.898038 0.014000 0.014000 0.016000
1698081412.699743 86.62804666919988 -9.330471488853572 -0.198783 0.000000 0.000000 -0.313547 0.949573 0.014000 0.014000 0.014000
1698081413.2116342 87.12638809044113 -9.68958763682567 -0.169783 0.000000 0.000000 -0.307169 0.951655 0.014000 0.014000 0.015000
1698081413.7021196 87.66902664620325 -10.243652659738931 -0.118783 0.000000 0.000000 -0.387491 0.921874 0.014000 0.014000 0.015000
1698081414.208985 88.18951676234258 -10.84902000589826 -0.153783 0.000000 0.000000 -0.417164 0.908831 0.014000 0.014000 0.016000
1698081414.6976397 88.63248735079709 -11.700638627624429 -0.214783 0.000000 0.000000 -0.518913 0.854827 0.014000 0.014000 0.016000
1698081415.2134695 88.88719579916031 -12.603559702012026 -0.187783 0.000000 0.000000 -0.603532 0.797339 0.014000 0.014000 0.017000
1698081415.6144042 89.02008761140421 -13.55778319931989 -0.256783 0.000000 0.000000 -0.656530 0.754300 0.014000 0.014000 0.016000
1698081416.2172024 89.14190525418688 -14.532527628241347 -0.291783 0.000000 0.000000 -0.661812 0.749670 0.014000 0.014000 0.014000
1698081416.7129831 89.17512891685965 -15.455969787116178 -0.338783 0.000000 0.000000 -0.694278 0.719706 0.014000 0.014000 0.014000
1698081417.2174716 89.19727845337503 -16.440974767265008 -0.314783 0.000000 0.000000 -0.699113 0.715011 0.014000 0.014000 0.013000
1698081417.710421 89.25265082439245 -17.446500643876735 -0.273783 0.000000 0.000000 -0.687392 0.726287 0.014000 0.014000 0.013000
1698081418.218148 89.33017178666454 -18.472547423959103 -0.254783 0.000000 0.000000 -0.679949 0.733259 0.014000 0.014000 0.013000
1698081418.7110612 89.47413826978965 -19.46781270211278 -0.301783 0.000000 0.000000 -0.654537 0.756030 0.014000 0.014000 0.012000
1698081419.2111251 89.62917912303313 -20.504119819342826 -0.364783 0.000000 0.000000 -0.652701 0.757615 0.014000 0.014000 0.014000
1698081419.709335 89.75099733109384 -21.560947899806227 -0.397783 0.000000 0.000000 -0.665391 0.746495 0.014000 0.014000 0.016000
1698081420.214897 89.86174142540831 -22.65881785211908 -0.362783 0.000000 0.000000 -0.670685 0.741742 0.014000 0.014000 0.014000
1698081420.7347925 89.99463416207185 -23.797729628342665 -0.334783 0.000000 0.000000 -0.664869 0.746960 0.014000 0.014000 0.016000
1698081421.2156165 90.14967549838822 -24.946901815696506 -0.310783 0.000000 0.000000 -0.658140 0.752896 0.014000 0.014000 0.017000
1698081421.7104666 90.3379396514265 -26.085813453075975 -0.347783 0.000000 0.000000 -0.646881 0.762591 0.014000 0.014000 0.015000
1698081422.2171152 90.49298118052461 -27.245246057928867 -0.333783 0.000000 0.000000 -0.658581 0.752510 0.014000 0.014000 0.016000
1698081422.7111297 90.60372586203042 -28.435460127074233 -0.292783 0.000000 0.000000 -0.673556 0.739137 0.014000 0.014000 0.015000
1698081423.213211 90.76984192119075 -29.646195004377745 -0.349783 0.000000 0.000000 -0.657294 0.753634 0.014000 0.014000 0.015000
1698081423.7005417 90.93595816068158 -30.897971725659705 -0.330783 0.000000 0.000000 -0.658957 0.752181 0.014000 0.014000 0.014000
1698081424.2163794 91.09100016815461 -32.108706572945216 -0.348783 0.000000 0.000000 -0.660674 0.750673 0.014000 0.014000 0.015000
1698081424.7049763 91.2792650188568 -33.319441321881676 -0.425783 0.000000 0.000000 -0.650519 0.759490 0.014000 0.014000 0.014000
1698081425.2170737 91.46752984992041 -34.478873705955124 -0.427783 0.000000 0.000000 -0.647967 0.761668 0.014000 0.014000 0.013000
1698081425.7374227 91.6447204245058 -35.59726421708144 -0.395783 0.000000 0.000000 -0.649430 0.760422 0.014000 0.014000 0.012000
1698081426.2231903 91.79976280779323 -36.8079989604622 -0.336783 0.000000 0.000000 -0.660674 0.750673 0.014000 0.014000 0.014000
1698081426.7147825 92.01017655916519 -38.02899400490518 -0.396783 0.000000 0.000000 -0.644272 0.764796 0.014000 0.014000 0.013000
1698081427.2204819 92.17629341345153 -39.249989131378 -0.408783 0.000000 0.000000 -0.657720 0.753262 0.014000 0.014000 0.015000
1698081427.7154727 92.27596468123129 -40.39916114242655 -0.370783 0.000000 0.000000 -0.675867 0.737024 0.014000 0.014000 0.012000
1698081428.2159503 92.3756362342739 -41.62015640330572 -0.385783 0.000000 0.000000 -0.677731 0.735310 0.014000 0.014000 0.012000
1698081428.7160985 92.54175343711208 -42.86167239413103 -0.440783 0.000000 0.000000 -0.658551 0.752536 0.014000 0.014000 0.012000
1698081429.1290925 92.67464778556337 -44.031365189745266 -0.460783 0.000000 0.000000 -0.666000 0.745952 0.014000 0.014000 0.013000
1698081429.7166502 92.80754222528832 -45.20105796334993 -0.466783 0.000000 0.000000 -0.666000 0.745952 0.014000 0.014000 0.012000
1698081430.222807 93.01795649670595 -46.37075047976161 -0.495783 0.000000 0.000000 -0.641464 0.767153 0.014000 0.014000 0.012000
1698081430.7342992 93.21729657802821 -47.53018253149627 -0.468783 0.000000 0.000000 -0.644421 0.764671 0.014000 0.014000 0.012000
1698081431.222319 93.41663688082751 -48.730656417093186 -0.450783 0.000000 0.000000 -0.646603 0.762826 0.014000 0.014000 0.012000
1698081431.7149904 93.62705173128867 -49.992693028411466 -0.517783 0.000000 0.000000 -0.646353 0.763039 0.014000 0.014000 0.015000
1698081432.220769 93.84854069284992 -51.18290630907264 -0.509783 0.000000 0.000000 -0.639159 0.769074 0.014000 0.014000 0.016000
1698081432.7082632 94.04788139170917 -52.41416149219128 -0.566783 0.000000 0.000000 -0.648144 0.761518 0.014000 0.014000 0.015000
1698081433.2212372 94.19185112966039 -53.696719166523906 -0.492783 0.000000 0.000000 -0.666502 0.745504 0.014000 0.014000 0.020000
1698081433.718219 94.34689530030018 -54.99979770663827 -0.441783 0.000000 0.000000 -0.664022 0.747713 0.014000 0.014000 0.015000
1698081434.2258384 94.47979074115398 -56.210532117273345 -0.424783 0.000000 0.000000 -0.667417 0.744684 0.014000 0.014000 0.016000
1698081434.7217925 94.6237604496272 -57.40074553217701 -0.406783 0.000000 0.000000 -0.663293 0.748360 0.014000 0.014000 0.015000
1698081435.2323341 94.71235892860197 -58.5704382103968 -0.390783 0.000000 0.000000 -0.679879 0.733324 0.014000 0.014000 0.014000
1698081435.7368398 94.76773458945719 -59.699089146103574 -0.389783 0.000000 0.000000 -0.689563 0.724225 0.014000 0.014000 0.012000
1698081436.228441 94.85633279169062 -60.755916684700225 -0.388783 0.000000 0.000000 -0.676926 0.736051 0.014000 0.014000 0.011000
1698081436.719597 95.00030197731932 -61.73066026491204 -0.338783 0.000000 0.000000 -0.653409 0.757005 0.014000 0.014000 0.011000
1698081437.2228801 95.28823569647777 -62.52071486658991 -0.335783 0.000000 0.000000 -0.573404 0.819273 0.014000 0.014000 0.012000
1698081437.7236156 95.66476280304192 -63.156862101090816 -0.252783 0.000000 0.000000 -0.495302 0.868721 0.014000 0.014000 0.012000
1698081438.232771 96.19632825609378 -63.51597612142022 -0.225783 0.000000 0.000000 -0.292723 0.956197 0.014000 0.014000 0.013000
1698081438.7237775 96.81648671255441 -63.63909907840444 -0.214783 0.000000 0.000000 -0.097836 0.995203 0.014000 0.014000 0.013000
1698081439.238358 97.45879250222276 -63.48518942650621 -0.175783 0.000000 0.000000 0.117322 0.993094 0.014000 0.014000 0.016000
1698081439.7272887 98.28936039741576 -63.30049761008513 -0.160783 0.000000 0.000000 0.109186 0.994021 0.014000 0.014000 0.014000
1698081440.2343338 99.26389391744499 -63.20814937062904 -0.125783 0.000000 0.000000 0.047222 0.998884 0.014000 0.014000 0.014000
1698081440.7352905 100.30487327641775 -63.1978845562985 -0.137783 0.000000 0.000000 0.004930 0.999988 0.014000 0.014000 0.011000
1698081441.240312 101.46766954587449 -63.228661074908985 -0.115783 0.000000 0.000000 -0.013230 0.999912 0.014000 0.014000 0.010000
1698081441.725632 102.6083174914331 -63.30047952090258 -0.098783 0.000000 0.000000 -0.031435 0.999506 0.014000 0.014000 0.011000
1698081442.234771 103.82648522557997 -63.38255809088029 -0.084783 0.000000 0.000000 -0.033632 0.999434 0.014000 0.014000 0.011000
1698081442.7262807 105.08894961220172 -63.382552796304765 -0.072783 0.000000 0.000000 0.000002 1.000000 0.014000 0.014000 0.010000
1698081443.231772 106.29604232627351 -63.279943160800805 -0.062783 0.000000 0.000000 0.042388 0.999101 0.014000 0.014000 0.011000
1698081443.726387 107.41454075084869 -63.10551071916609 -0.080783 0.000000 0.000000 0.077276 0.997010 0.014000 0.014000 0.011000
1698081444.2338493 108.4998162166655 -62.87977616312969 -0.182783 0.000000 0.000000 0.102357 0.994748 0.014000 0.014000 0.012000
1698081444.7232594 109.59616576704474 -62.612999773178295 -0.275783 0.000000 0.000000 0.119063 0.992887 0.014000 0.014000 0.011000
1698081445.233482 110.68144090467166 -62.30518165184566 -0.280783 0.000000 0.000000 0.137747 0.990467 0.014000 0.014000 0.011000
1698081445.7342849 111.82208716923289 -61.96658198640133 -0.265783 0.000000 0.000000 0.143782 0.989609 0.014000 0.014000 0.010000
1698081446.2261114 112.99595598125302 -61.57667997329283 -0.286783 0.000000 0.000000 0.159657 0.987173 0.014000 0.014000 0.010000
1698081446.7263465 114.19197346928303 -61.227819739176795 -0.282783 0.000000 0.000000 0.141430 0.989948 0.014000 0.014000 0.010000
1698081447.2273827 115.38799063776584 -60.79687595120074 -0.302783 0.000000 0.000000 0.172057 0.985087 0.014000 0.014000 0.010000
1698081447.720356 116.57293344674476 -60.33515092564408 -0.289783 0.000000 0.000000 0.184714 0.982792 0.014000 0.014000 0.010000
1698081448.2324162 117.7910988162765 -59.82212359540555 -0.217783 0.000000 0.000000 0.197985 0.980205 0.014000 0.014000 0.010000
1698081448.7233014 118.99818979355652 -59.26805459478015 -0.189783 0.000000 0.000000 0.213505 0.976942 0.014000 0.014000 0.010000
1698081449.231848 120.16098371792395 -58.693464961123546 -0.199783 0.000000 0.000000 0.227468 0.973786 0.014000 0.014000 0.012000
1698081449.7263467 121.34592616393516 -58.118875329224586 -0.117783 0.000000 0.000000 0.223839 0.974626 0.014000 0.014000 0.011000
1698081450.2334187 122.50872056420712 -57.657150779663866 -0.090783 0.000000 0.000000 0.187871 0.982194 0.014000 0.014000 0.011000
1698081450.7337708 123.62721825554883 -57.26724958868628 -0.144783 0.000000 0.000000 0.166926 0.985969 0.014000 0.014000 0.013000
1698081451.2290366 124.7346419026218 -56.928650718509985 -0.137783 0.000000 0.000000 0.147820 0.989014 0.014000 0.014000 0.012000
1698081451.6290476 125.83099138545612 -56.61057282732456 -0.118783 0.000000 0.000000 0.140718 0.990050 0.014000 0.014000 0.010000
1698081452.229146 126.90519237850405 -56.292495064921496 -0.095783 0.000000 0.000000 0.143444 0.989658 0.014000 0.014000 0.010000
1698081452.724041 128.0347643973372 -55.91285448747081 -0.060783 0.000000 0.000000 0.161407 0.986888 0.014000 0.014000 0.010000
1698081453.2300363 129.21970763709888 -55.52295332390792 -0.045783 0.000000 0.000000 0.158275 0.987395 0.014000 0.014000 0.012000
1698081453.7240338 130.46002213429168 -55.13305201785747 -0.074783 0.000000 0.000000 0.151700 0.988427 0.014000 0.014000 0.013000
1698081454.227023 131.63389118575483 -54.75341145616546 -0.077783 0.000000 0.000000 0.155760 0.987795 0.014000 0.014000 0.012000
1698081454.7212183 132.78561174787407 -54.373771034148234 -0.036783 0.000000 0.000000 0.158535 0.987353 0.014000 0.014000 0.010000
1698081455.218004 133.9594810399513 -54.05569322080119 -0.009783 0.000000 0.000000 0.131920 0.991260 0.014000 0.014000 0.010000
1698081455.7347949 135.14442491866285 -53.82995935564111 0.103217 0.000000 0.000000 0.093984 0.995574 0.014000 0.014000 0.010000
1698081456.227557 136.41796272527705 -53.58370433855017 0.143217 0.000000 0.000000 0.095358 0.995443 0.014000 0.014000 0.011000
1698081456.7244036 137.73579735522245 -53.28614702603241 0.077217 0.000000 0.000000 0.110806 0.993842 0.014000 0.014000 0.011000
1698081457.2284598 138.99826063588634 -52.957808656128066 0.101217 0.000000 0.000000 0.126877 0.991918 0.014000 0.014000 0.011000
1698081457.7226086 140.2607238913516 -52.61920990636915 0.090217 0.000000 0.000000 0.130644 0.991429 0.014000 0.014000 0.011000
1698081458.2318916 141.56748418853599 -52.29087149393057 0.184217 0.000000 0.000000 0.122772 0.992435 0.014000 0.014000 0.012000
1698081458.724932 142.929615813885 -51.98305381147665 0.220217 0.000000 0.000000 0.110896 0.993832 0.014000 0.014000 0.010000
1698081459.2279832 144.3028214158015 -51.59315269728409 0.184217 0.000000 0.000000 0.137886 0.990448 0.014000 0.014000 0.011000
1698081459.7166162 145.58743313836393 -51.23403324380323 0.285217 0.000000 0.000000 0.135876 0.990726 0.014000 0.014000 0.011000
1698081460.2315767 146.86097044981102 -50.82361174115532 0.291217 0.000000 0.000000 0.155249 0.987875 0.014000 0.014000 0.011000
1698081460.7326345 148.1898787816937 -50.341367122623794 0.248217 0.000000 0.000000 0.173177 0.984891 0.014000 0.014000 0.010000
1698081461.2285068 149.40804436533034 -49.777039530332544 0.240217 0.000000 0.000000 0.215216 0.976566 0.014000 0.014000 0.011000
1698081461.728119 150.55976450697307 -49.22297267161223 0.271217 0.000000 0.000000 0.222324 0.974973 0.014000 0.014000 0.010000
1698081462.2364788 151.7336332696158 -48.69968710643803 0.303217 0.000000 0.000000 0.208136 0.978100 0.014000 0.014000 0.010000
1698081462.7264433 152.8964278336216 -48.1866620825419 0.349217 0.000000 0.000000 0.206265 0.978496 0.014000 0.014000 0.010000
1698081463.2370467 154.09244513468266 -47.66337660883317 0.346217 0.000000 0.000000 0.204757 0.978813 0.014000 0.014000 0.010000
1698081463.7300925 155.3216851710102 -47.12983068928002 0.335217 0.000000 0.000000 0.203326 0.979111 0.014000 0.014000 0.011000
1698081464.2319129 156.5952223228087 -46.62706598890686 0.350217 0.000000 0.000000 0.186893 0.982380 0.014000 0.014000 0.011000
1698081464.636089 157.86875977464913 -46.21664517437734 0.354217 0.000000 0.000000 0.155249 0.987875 0.014000 0.014000 0.010000
1698081465.1373296 159.14229720786585 -45.79596400541435 0.359217 0.000000 0.000000 0.158845 0.987304 0.014000 0.014000 0.010000
1698081465.6334345 160.41583484057537 -45.436845432440215 0.270217 0.000000 0.000000 0.136992 0.990572 0.014000 0.014000 0.010000
1698081466.246952 161.63400163297754 -45.21111253896955 0.241217 0.000000 0.000000 0.091485 0.995806 0.014000 0.014000 0.010000
1698081466.732603 162.77464883531763 -45.03668200677519 0.168217 0.000000 0.000000 0.075801 0.997123 0.014000 0.014000 0.010000
1698081467.2446897 163.89314751106286 -44.85199114791868 0.128217 0.000000 0.000000 0.081732 0.996654 0.014000 0.014000 0.010000
1698081467.7330322 165.01164640246677 -44.73912323743046 0.148217 0.000000 0.000000 0.050264 0.998736 0.014000 0.014000 0.012000
1698081468.2394416 166.06370046546448 -44.85198470618174 0.125217 0.000000 0.000000 -0.053409 0.998573 0.014000 0.014000 0.013000
1698081468.7247899 166.9607155844313 -45.14953410758144 0.043217 0.000000 0.000000 -0.159461 0.987204 0.014000 0.014000 0.014000
1698081469.239489 167.56980148701726 -45.867761378041116 0.037217 0.000000 0.000000 -0.420250 0.907409 0.014000 0.014000 0.014000
1698081469.6324723 167.76914081316443 -46.7911981627209 0.125217 0.000000 0.000000 -0.628090 0.778141 0.014000 0.014000 0.011000
1698081470.240948 167.58088155092523 -47.7454173937177 0.157217 0.000000 0.000000 -0.772515 0.634996 0.014000 0.014000 0.011000
1698081470.7333682 167.04932037383423 -48.62781484279677 0.159217 0.000000 0.000000 -0.870635 0.491930 0.014000 0.014000 0.010000
1698081471.2423527 166.27412558529593 -49.458911070184236 0.185217 0.000000 0.000000 -0.917084 0.398694 0.014000 0.014000 0.011000
1698081471.7371552 165.36603940270322 -50.15662240196121 0.144217 0.000000 0.000000 -0.946829 0.321739 0.014000 0.014000 0.010000
1698081472.2454126 164.3250622217848 -50.844073848108366 0.094217 0.000000 0.000000 -0.957721 0.287698 0.014000 0.014000 0.011000
1698081472.7365477 163.1844165801913 -51.459702798274975 0.068217 0.000000 0.000000 -0.969538 0.244940 0.014000 0.014000 0.012000
1698081473.234421 161.98839957515298 -52.034290354523726 0.070217 0.000000 0.000000 -0.975032 0.222063 0.014000 0.014000 0.013000
1698081473.7368424 160.71486288188285 -52.619138692449525 0.021217 0.000000 0.000000 -0.976923 0.213594 0.014000 0.014000 0.013000
1698081474.1480954 159.3859547479197 -53.142424797986315 0.037217 0.000000 0.000000 -0.982462 0.186465 0.014000 0.014000 0.013000
1698081474.7327058 157.9906009894835 -53.62466954083873 0.055217 0.000000 0.000000 -0.986191 0.165612 0.014000 0.014000 0.011000
1698081475.241243 156.61739571189858 -54.0966538715429 0.035217 0.000000 0.000000 -0.986331 0.164775 0.014000 0.014000 0.012000
1698081475.736645 155.2774132005057 -54.568638169308485 0.054217 0.000000 0.000000 -0.985698 0.168523 0.014000 0.014000 0.011000
1698081476.2437541 153.88205949402402 -55.050883175167826 0.040217 0.000000 0.000000 -0.986191 0.165612 0.014000 0.014000 0.011000
1698081476.7367716 152.45348302052648 -55.52286796883735 0.055217 0.000000 0.000000 -0.987299 0.158873 0.014000 0.014000 0.010000
1698081477.2421825 150.99168373707965 -55.974332118851706 0.062217 0.000000 0.000000 -0.988805 0.149215 0.014000 0.014000 0.010000
1698081477.73223 149.4855873955613 -56.40527566581981 0.061217 0.000000 0.000000 -0.990307 0.138893 0.014000 0.014000 0.011000
1698081478.2476008 147.97949106950412 -56.836219300203645 0.045217 0.000000 0.000000 -0.990307 0.138893 0.014000 0.014000 0.011000
1698081478.7327316 146.42909772067625 -57.25690275764187 0.015217 0.000000 0.000000 -0.991237 0.132093 0.014000 0.014000 0.010000
1698081479.1497006 144.85655576835993 -57.64680509293442 0.003217 0.000000 0.000000 -0.992625 0.121222 0.014000 0.014000 0.010000
1698081479.7341678 143.27293954267165 -58.026447119392145 0.004217 0.000000 0.000000 -0.993088 0.117374 0.014000 0.014000 0.010000
1698081480.2501893 141.65610061937184 -58.416349787624064 -0.006783 0.000000 0.000000 -0.993009 0.118041 0.014000 0.014000 0.010000
1698081480.8244066 140.03926174873214 -58.8165129745007 -0.054783 0.000000 0.000000 -0.992651 0.121014 0.014000 0.014000 0.011000
1698081481.250931 138.47779405939147 -59.196155157483624 -0.066783 0.000000 0.000000 -0.992898 0.118970 0.014000 0.014000 0.011000
1698081481.737795 136.9384747176334 -59.5347555871407 -0.042783 0.000000 0.000000 -0.994146 0.108048 0.014000 0.014000 0.010000
1698081482.241767 135.43237793268713 -59.822053767328924 -0.056783 0.000000 0.000000 -0.995562 0.094107 0.014000 0.014000 0.010000
1698081482.741851 133.91520670260664 -60.05804985565013 -0.108783 0.000000 0.000000 -0.997025 0.077080 0.014000 0.014000 0.014000
1698081483.251008 132.35373799063208 -60.170920895544505 -0.104783 0.000000 0.000000 -0.999349 0.036072 0.014000 0.014000 0.013000
1698081483.7356205 130.78119450078475 -60.150406275070424 -0.100783 0.000000 0.000000 0.999979 0.006522 0.014000 0.014000 0.013000
1698081484.251645 129.25294784811717 -60.08884970707841 -0.111783 0.000000 0.000000 0.999797 0.020127 0.014000 0.014000 0.013000
1698081484.737201 127.8022206993358 -59.965730164147715 -0.140783 0.000000 0.000000 0.999104 0.042320 0.014000 0.014000 0.010000
1698081485.2411854 126.37364197054423 -59.822089623710006 -0.164783 0.000000 0.000000 0.998745 0.050085 0.014000 0.014000 0.010000
1698081485.8302658 125.04473165176432 -59.719490438365305 -0.136783 0.000000 0.000000 0.999258 0.038517 0.014000 0.014000 0.010000
1698081486.2521539 123.80441516746546 -59.57584910649634 -0.120783 0.000000 0.000000 0.998339 0.057616 0.014000 0.014000 0.010000
1698081486.7351353 122.56409880780423 -59.46298908787336 -0.158783 0.000000 0.000000 0.998971 0.045356 0.014000 0.014000 0.010000
1698081487.2430136 121.46774801254493 -59.432212061142046 -0.198783 0.000000 0.000000 0.999902 0.014032 0.014000 0.014000 0.010000
1698081487.7366648 120.48213979139287 -59.42195548850883 -0.234783 0.000000 0.000000 0.999986 0.005203 0.014000 0.014000 0.010000
1698081488.2392147 119.60727402399725 -59.401438031517806 -0.237783 0.000000 0.000000 0.999931 0.011724 0.014000 0.014000 0.010000
1698081488.739267 118.79885363072235 -59.35013896557764 -0.238783 0.000000 0.000000 0.999498 0.031680 0.014000 0.014000 0.010000
1698081489.246503 118.09010148231889 -59.29883950360065 -0.234783 0.000000 0.000000 0.999347 0.036119 0.014000 0.014000 0.015000
1698081489.7389283 117.61390848561607 -59.22701822524693 -0.263783 0.000000 0.000000 0.997200 0.074778 0.014000 0.014000 0.012000
1698081490.2465596 117.42564596825355 -59.155195815345486 -0.318783 0.000000 0.000000 0.983442 0.181222 0.014000 0.014000 0.013000
1698081490.8279157 117.53638821864848 -59.09363268525829 -0.429783 0.000000 0.000000 0.250974 0.967994 0.014000 0.014000 0.013000
1698081491.2400246 117.37027360082377 -58.867903442867004 -0.467783 0.000000 0.000000 0.892387 0.451271 0.014000 0.014000 0.016000
1698081491.7395682 117.13771396912254 -58.765299850642755 -0.462783 0.000000 0.000000 0.978497 0.206262 0.014000 0.014000 0.014000
1698081492.249128 116.98267380302872 -58.590872803773 -0.522783 0.000000 0.000000 0.912236 0.409665 0.014000 0.014000 0.013000
1698081492.7385595 116.91622810964662 -58.53957081153643 -0.571783 0.000000 0.000000 0.946448 0.322855 0.014000 0.014000 0.010000
1698081493.2432077 116.96052498713793 -58.508789290654384 -0.572783 0.000000 0.000000 0.299000 0.954253 0.014000 0.014000 0.011000
1698081493.7390032 116.90515338423387 -58.41644545502829 -0.579783 0.000000 0.000000 0.870132 0.492819 0.014000 0.014000 0.011000
1698081494.243109 116.81655935124132 -58.406185348335164 -0.665783 0.000000 0.000000 0.998339 0.057616 0.014000 0.014000 0.013000
1698081494.6578438 116.76118814456294 -58.416446011381716 -0.662783 0.000000 0.000000 -0.995806 0.091486 0.014000 0.014000 0.012000
1698081495.2435741 116.76118818416772 -58.42670646227045 -0.715783 0.000000 0.000000 -0.707105 0.707108 0.014000 0.014000 0.010000
1698081495.7357566 116.75011389547457 -58.416446054195774 -0.768783 0.000000 0.000000 0.931007 0.365001 0.014000 0.014000 0.013000
1698081496.2449074 116.73903960622812 -58.406185647637045 -0.782783 0.000000 0.000000 0.931007 0.365001 0.014000 0.014000 0.014000
1698081496.7408628 116.73903964504933 -58.41644609669417 -0.776783 0.000000 0.000000 -0.707105 0.707108 0.014000 0.014000 0.012000
1698081497.2474349 116.73903968522703 -58.426706547884635 -0.779783 0.000000 0.000000 -0.707105 0.707108 0.014000 0.014000 0.012000
1698081497.7396677 116.73903972483453 -58.436966997328156 -0.778783 0.000000 0.000000 -0.707105 0.707108 0.014000 0.014000 0.013000
1698081498.2507544 116.73903972483453 -58.436966997328156 -0.775783 0.000000 0.000000 0.000000 1.000000 0.014000 0.014000 0.012000
1698081498.7448497 116.75011393491314 -58.42670650500885 -0.804783 0.000000 0.000000 0.365005 0.931006 0.014000 0.014000 0.011000
1698081499.2517836 116.75011393491314 -58.42670650500885 -0.803783 0.000000 0.000000 0.000000 1.000000 0.014000 0.014000 0.011000
1698081499.7463987 116.73903968522703 -58.426706547884635 -0.801783 0.000000 0.000000 -1.000000 0.000002 0.014000 0.014000 0.010000
1698081500.246384 116.73903968522703 -58.426706547884635 -0.801783 0.000000 0.000000 0.000000 1.000000 0.014000 0.014000 0.010000
1698081500.8222034 116.73903968522703 -58.426706547884635 -0.803783 0.000000 0.000000 0.000000 1.000000 0.014000 0.014000 0.010000
1698081501.2553592 116.73903968522703 -58.426706547884635 -0.794783 0.000000 0.000000 0.000000 1.000000 0.014000 0.014000 0.011000
1698081501.7454238 116.73903972483453 -58.436966997328156 -0.803783 0.000000 0.000000 -0.707105 0.707108 0.014000 0.014000 0.010000
1698081502.2554903 116.73903972483453 -58.436966997328156 -0.797783 0.000000 0.000000 0.000000 1.000000 0.014000 0.014000 0.010000
1698081502.7446854 116.72796535753707 -58.4061856904657 -0.800783 0.000000 0.000000 0.818087 0.575094 0.014000 0.014000 0.010000
1698081503.2587113 116.72796535753707 -58.4061856904657 -0.785783 0.000000 0.000000 0.000000 1.000000 0.014000 0.014000 0.010000
1698081503.748316 116.72796543700784 -58.42670659096447 -0.742783 0.000000 0.000000 -0.707105 0.707108 0.014000 0.014000 0.012000
1698081504.2561612 116.72796543700784 -58.42670659096447 -0.743783 0.000000 0.000000 0.000000 1.000000 0.014000 0.014000 0.012000
1698081504.7388144 116.73903968522703 -58.426706547884635 -0.780783 0.000000 0.000000 0.000002 1.000000 0.014000 0.014000 0.011000
1698081505.256723 116.73903968522703 -58.426706547884635 -0.771783 0.000000 0.000000 0.000000 1.000000 0.014000 0.014000 0.012000
1698081505.6460943 116.71689110786187 -58.40618573297854 -0.788783 0.000000 0.000000 0.931007 0.365001 0.014000 0.014000 0.010000
1698081506.2536395 116.71689114776682 -58.41644618259298 -0.786783 0.000000 0.000000 -0.707105 0.707108 0.014000 0.014000 0.011000
1698081506.746477 116.71689130621951 -58.45748798334784 -0.773783 0.000000 0.000000 -0.707105 0.707108 0.014000 0.014000 0.012000
1698081507.2570562 116.71689126625556 -58.44722753371776 -0.782783 0.000000 0.000000 0.707108 0.707105 0.014000 0.014000 0.012000
1698081507.7452357 116.71689118708976 -58.42670663337071 -0.805783 0.000000 0.000000 0.707108 0.707105 0.014000 0.014000 0.011000
1698081508.2604823 116.71689118708976 -58.42670663337071 -0.803783 0.000000 0.000000 0.000000 1.000000 0.014000 0.014000 0.012000
1698081508.749172 116.71689118708976 -58.42670663337071 -0.795783 0.000000 0.000000 0.000000 1.000000 0.014000 0.014000 0.011000
1698081509.2511482 116.71689118708976 -58.42670663337071 -0.798783 0.000000 0.000000 0.000000 1.000000 0.014000 0.014000 0.012000
1698081509.6522481 116.7058169776494 -58.43696712567852 -0.797783 0.000000 0.000000 -0.931006 0.365005 0.014000 0.014000 0.012000
1698081510.2615812 116.7058169776494 -58.43696712567852 -0.795783 0.000000 0.000000 0.000000 1.000000 0.014000 0.014000 0.012000
1698081510.8254285 116.69474272901941 -58.43696716873701 -0.774783 0.000000 0.000000 -1.000000 0.000002 0.014000 0.014000 0.010000
1698081511.258245 116.69474272901941 -58.43696716873701 -0.777783 0.000000 0.000000 0.000000 1.000000 0.014000 0.014000 0.010000
1698081511.7492368 116.69474272901941 -58.43696716873701 -0.812783 0.000000 0.000000 0.000000 1.000000 0.014000 0.014000 0.010000
1698081512.2595744 116.69474268916566 -58.42670671914009 -0.817783 0.000000 0.000000 0.707108 0.707105 0.014000 0.014000 0.010000
1698081512.7504299 116.68366848018367 -58.436967211692526 -0.820783 0.000000 0.000000 -0.931006 0.365005 0.014000 0.014000 0.010000
1698081513.2569475 116.68366848018367 -58.436967211692526 -0.816783 0.000000 0.000000 0.000000 1.000000 0.014000 0.014000 0.010000
1698081513.7458103 116.69474268916566 -58.42670671914009 -0.814783 0.000000 0.000000 0.365005 0.931006 0.014000 0.014000 0.010000
1698081514.2631614 116.69474268916566 -58.42670671914009 -0.811783 0.000000 0.000000 0.000000 1.000000 0.014000 0.014000 0.011000
1698081514.64902 116.69474268916566 -58.42670671914009 -0.823783 0.000000 0.000000 0.000000 1.000000 0.014000 0.014000 0.010000
1698081515.263484 116.69474268916566 -58.42670671914009 -0.832783 0.000000 0.000000 0.000000 1.000000 0.014000 0.014000 0.010000