1698081302.5446093 -0.5152155962767735 -0.16787227780827876 -0.138783 0.000000 0.000000 0.000000 1.000000
1698081303.0535207 -0.958185493520888 -0.5782934808573021 -0.155783 0.000000 0.000000 -0.931006 0.365005
1698081303.5421815 -1.3347099020643662 -0.8348067520034747 -0.140783 0.000000 0.000000 -0.955625 0.294585
1698081304.0469975 -1.5783433400872715 -1.019496312263657 -0.081783 0.000000 0.000000 -0.947867 0.318665
1698081304.5433207 -1.6558630658747595 -1.1323621530644041 -0.301783 0.000000 0.000000 -0.884916 0.465750
1698081305.0518923 -1.7223085396862043 -1.2862701150268527 -0.293783 0.000000 0.000000 -0.835572 0.549381
1698081305.5429053 -1.8551995109084234 -1.2965306581083624 -0.273783 0.000000 0.000000 -0.999258 0.038519
1698081306.0523288 -1.910570741518213 -1.3786149072510454 -0.199783 0.000000 0.000000 -0.882957 0.469454
1698081306.5382116 -2.1874269205567973 -1.5120018324679176 -0.239783 0.000000 0.000000 -0.974908 0.222607
1698081307.053485 -2.563951308781555 -1.8095572729070606 -0.293783 0.000000 0.000000 -0.944611 0.328193
1698081307.5453706 -3.029069661811494 -2.1789364582989013 -0.332783 0.000000 0.000000 -0.944218 0.329322
1698081308.0766783 -3.4941880021305916 -2.5688367290320877 -0.387783 0.000000 0.000000 -0.939775 0.341795
1698081308.5497327 -3.8596381420519608 -2.753526367309201 -0.329783 0.000000 0.000000 -0.972754 0.231841
1698081309.0507412 -4.036826074015326 -2.9176949129954917 -0.348783 0.000000 0.000000 -0.931006 0.365005
1698081309.5473983 -4.169717045214708 -2.917694938661411 -0.319783 0.000000 0.000000 -1.000000 0.000000
1698081310.0573394 -4.280459515921301 -2.9484765565487705 -0.320783 0.000000 0.000000 -0.990826 0.135142
1698081310.5481365 -4.413350487630606 -2.948476582592671 -0.205783 0.000000 0.000000 -1.000000 0.000000
1698081311.0530503 -4.391201977988261 -3.0203003040919736 -0.246783 0.000000 0.000000 -0.593852 0.804574
1698081311.555644 -4.280459474515443 -3.1536872008615298 -0.266783 0.000000 0.000000 -0.424984 0.905201
1698081312.0590491 -4.147568459043891 -3.3588978173109965 -0.249783 0.000000 0.000000 -0.477723 0.878511
1698081312.5500612 -3.9814546849635857 -3.61541108037872 -0.260783 0.000000 0.000000 -0.477723 0.878511
1698081313.0595267 -3.95930617180128 -3.6872347993271384 -0.267783 0.000000 0.000000 -0.593852 0.804574
1698081313.5547352 -3.8707121682393404 -3.7795795659998364 -0.302783 0.000000 0.000000 -0.392237 0.919864
1698081314.0627506 -3.815340909803708 -3.8616638074398515 -0.273783 0.000000 0.000000 -0.469454 0.882957
1698081314.557463 -3.649227143873805 -4.056613869218844 -0.275783 0.000000 0.000000 -0.419185 0.907901
1698081315.0631025 -3.3169996011873506 -4.45677451085867 -0.212783 0.000000 0.000000 -0.424984 0.905201
1698081315.550597 -2.973697743499442 -5.031364166336487 -0.209783 0.000000 0.000000 -0.493508 0.869741
1698081316.0652685 -2.5639503039038036 -5.800903860693091 -0.209783 0.000000 0.000000 -0.514788 0.857317
1698081316.55837 -2.0988315055733984 -6.7551330433681125 -0.183783 0.000000 0.000000 -0.530023 0.847983
1698081317.064856 -1.6226383675332674 -7.770925343202816 -0.195783 0.000000 0.000000 -0.536440 0.843938
1698081317.5588014 -1.0467768534467878 -8.920104411758194 -0.174783 0.000000 0.000000 -0.525355 0.850883
1698081318.0620346 -0.4819894792793373 -10.100064990045365 -0.144783 0.000000 0.000000 -0.533038 0.846091
1698081318.5554464 0.1160207998731357 -11.37237021942815 -0.078783 0.000000 0.000000 -0.536015 0.844209
1698081319.0629382 0.7583280918721375 -12.542070021949204 -0.013783 0.000000 0.000000 -0.509251 0.860618
1698081319.5601146 1.4117096950607493 -13.680988128469425 0.029217 0.000000 0.000000 -0.501191 0.865336
1698081320.0603821 2.0761655619107047 -14.748082430736504 0.013217 0.000000 0.000000 -0.485499 0.874237
1698081320.5554948 2.7073987185471933 -15.774134565112107 0.068217 0.000000 0.000000 -0.487859 0.872922
1698081321.0832684 3.4050775002528066 -16.861749702307197 0.045217 0.000000 0.000000 -0.479617 0.877478
1698081321.5568047 4.080607852933875 -17.939104238539745 0.040217 0.000000 0.000000 -0.484132 0.874995
1698081322.0644667 4.778286778576768 -19.016458647973295 0.028217 0.000000 0.000000 -0.477722 0.878511
1698081322.55734 5.4427430784258855 -20.124594581119872 -0.011783 0.000000 0.000000 -0.492822 0.870130
1698081323.0648317 6.118273679881161 -21.212209353122276 -0.010783 0.000000 0.000000 -0.485993 0.873963
1698081323.559783 6.7495073235576015 -22.269042516188318 -0.027783 0.000000 0.000000 -0.493567 0.869708
1698081324.0622263 7.358592529994648 -23.315615101374878 -0.036783 0.000000 0.000000 -0.498498 0.866891
1698081324.5546079 8.034123245850727 -24.33140592242396 0.017217 0.000000 0.000000 -0.472358 0.881407
1698081325.0690846 8.665357178302147 -25.42928091569629 -0.022783 0.000000 0.000000 -0.500777 0.865576
1698081325.5632958 9.329814060476904 -26.59897942073514 -0.023783 0.000000 0.000000 -0.503027 0.864271
1698081326.0689614 10.016419566856486 -27.789198826746286 -0.050783 0.000000 0.000000 -0.500155 0.865936
1698081326.5694246 10.758396602946192 -29.0820232389622 -0.034783 0.000000 0.000000 -0.501115 0.865380
1698081327.0752022 11.500373710124277 -30.35432647937737 -0.055783 0.000000 0.000000 -0.498112 0.867113
1698081327.5671551 12.308796519216974 -31.677932062738563 -0.077783 0.000000 0.000000 -0.489265 0.872135
1698081328.0872412 13.106145174778938 -32.99127700818224 -0.111783 0.000000 0.000000 -0.490429 0.871481
1698081328.570851 13.936716758313043 -34.335403298074276 -0.163783 0.000000 0.000000 -0.486998 0.873403
1698081329.0705104 14.811585308809565 -35.61796622045789 -0.138783 0.000000 0.000000 -0.467167 0.884169
1698081329.571275 15.67537972077639 -36.90052902047968 -0.183783 0.000000 0.000000 -0.469780 0.882783
1698081330.076277 16.505951655016013 -38.244654868234726 -0.172783 0.000000 0.000000 -0.486998 0.873403
1698081330.5719073 17.34759830678735 -39.722167267172594 -0.235783 0.000000 0.000000 -0.502511 0.864571
1698081331.0769045 18.200319184744043 -41.13811637049312 -0.233783 0.000000 0.000000 -0.491987 0.870602
1698081331.5689194 19.08626328676361 -42.67719141394934 -0.331783 0.000000 0.000000 -0.500558 0.865703
1698081332.0765457 19.972207246744713 -44.11366112184564 -0.330783 0.000000 0.000000 -0.487370 0.873195
1698081332.572604 20.858151621610933 -45.64247529642637 -0.383783 0.000000 0.000000 -0.499303 0.866427
1698081333.075183 21.744095961550567 -47.109726205140596 -0.385783 0.000000 0.000000 -0.491481 0.870888
1698081333.5699427 22.630040213624174 -48.50515334483584 -0.363783 0.000000 0.000000 -0.481669 0.876353
1698081334.0794787 23.460613389123186 -49.91084101601693 -0.357783 0.000000 0.000000 -0.495630 0.868534
1698081334.5746248 24.291186521864198 -51.26522596783949 -0.328783 0.000000 0.000000 -0.488480 0.872575
1698081335.0779994 25.088537033597962 -52.61961088795716 -0.326783 0.000000 0.000000 -0.496322 0.868139
1698081335.5742326 25.874813235136536 -53.922693144604324 -0.314783 0.000000 0.000000 -0.491613 0.870814
1698081336.0781398 26.616792408478616 -55.184733384520335 -0.331783 0.000000 0.000000 -0.496579 0.867991
1698081336.5748055 27.358771190143653 -56.31338685895685 -0.285783 0.000000 0.000000 -0.474695 0.880150
1698081337.0795813 28.15612145311639 -57.48308205260596 -0.282783 0.000000 0.000000 -0.467303 0.884097
1698081337.5729356 28.909175013710563 -58.704079844225625 -0.312783 0.000000 0.000000 -0.487370 0.873196
1698081338.0751119 29.673302759711138 -59.88403543399162 -0.309783 0.000000 0.000000 -0.477721 0.878512
1698081338.575612 30.42635655625211 -61.11529349019038 -0.337783 0.000000 0.000000 -0.488998 0.872285
1698081339.0810382 31.157261874963282 -62.32603050254606 -0.341783 0.000000 0.000000 -0.491521 0.870866
1698081339.577178 31.821721327710808 -63.423902087638474 -0.302783 0.000000 0.000000 -0.491030 0.871143
1698081340.0822885 32.607997984355535 -64.61411762465345 -0.296783 0.000000 0.000000 -0.473708 0.880682
1698081340.577643 33.41642350001428 -65.86589598000661 -0.355783 0.000000 0.000000 -0.478269 0.878214
1698081341.083621 34.191626238404865 -67.08689282949554 -0.343783 0.000000 0.000000 -0.481668 0.876354
1698081341.5741844 34.966829076433434 -68.3078895546234 -0.473783 0.000000 0.000000 -0.481668 0.876354
1698081342.0773962 35.76418041667339 -69.50836504181963 -0.478783 0.000000 0.000000 -0.472613 0.881270
1698081342.5679452 36.55045774748948 -70.73962196913679 -0.532783 0.000000 0.000000 -0.480513 0.876988
1698081343.0834494 37.35888377454475 -71.99139967036247 -0.554783 0.000000 0.000000 -0.478268 0.878214
1698081343.577193 38.17838445229015 -73.30474020499155 -0.588783 0.000000 0.000000 -0.485089 0.874465
1698081344.0873606 39.053256181875966 -74.55651730575246 -0.553783 0.000000 0.000000 -0.462137 0.886809
1698081344.5813382 39.950276254563974 -75.75699163872989 -0.494783 0.000000 0.000000 -0.448010 0.894029
1698081345.0857863 40.82514792783627 -76.95746594339207 -0.475783 0.000000 0.000000 -0.453341 0.891337
1698081345.5782876 41.6667970055477 -78.16820078341914 -0.445783 0.000000 0.000000 -0.463255 0.886225
1698081346.0844405 42.453075102320604 -79.40971727751979 -0.439783 0.000000 0.000000 -0.482159 0.876083
1698081346.5808578 43.150759204999815 -80.6307131177286 -0.451783 0.000000 0.000000 -0.501934 0.864906
1698081347.0792441 43.75984881082857 -81.7388438276697 -0.454783 0.000000 0.000000 -0.509074 0.860723
1698081347.5774555 44.291418086246786 -82.72384888270078 -0.423783 0.000000 0.000000 -0.512387 0.858754
1698081348.088282 44.74546728957238 -83.63703080307178 -0.477783 0.000000 0.000000 -0.526679 0.850064
1698081348.5797725 45.15521898432087 -84.44760793266026 -0.479783 0.000000 0.000000 -0.523860 0.851804
1698081349.0858376 45.642490226461646 -85.21714258662841 -0.523783 0.000000 0.000000 -0.482196 0.876063
1698081349.5803027 46.17405762731484 -85.83276946953812 -0.520783 0.000000 0.000000 -0.416208 0.909270
1698081350.086036 46.79421915726691 -86.46891679693171 -0.487783 0.000000 0.000000 -0.388553 0.921426
1698081350.5815108 47.48082520038341 -86.93063523728406 -0.463783 0.000000 0.000000 -0.291699 0.956510
1698081351.0869064 48.26709931377107 -87.36157157060185 -0.409783 0.000000 0.000000 -0.248064 0.968744
1698081351.5795388 49.13089246465549 -87.66938145690779 -0.392783 0.000000 0.000000 -0.170324 0.985388
1698081352.0843463 50.07220482331147 -87.88484639892049 -0.417783 0.000000 0.000000 -0.112274 0.993677
1698081352.5819507 50.980294081779725 -88.03874853906115 -0.361783 0.000000 0.000000 -0.083843 0.996479
1698081353.088783 51.921605609838984 -88.11056651457413 -0.384783 0.000000 0.000000 -0.038065 0.999275
1698081353.5839188 52.97365962256162 -88.18238383530621 -0.383783 0.000000 0.000000 -0.034072 0.999419
1698081354.097972 53.95926796683248 -88.22342005633163 -0.399783 0.000000 0.000000 -0.020804 0.999784
1698081354.5857162 54.92272757599272 -88.22341443204097 -0.379783 0.000000 0.000000 0.000003 1.000000
1698081355.0928342 55.952632018096836 -88.1105430144518 -0.420783 0.000000 0.000000 0.054552 0.998511
1698081355.5853486 56.91608989799859 -87.81298316788352 -0.429783 0.000000 0.000000 0.149217 0.988805
1698081356.0851257 57.879547131135084 -87.40255796878681 -0.428783 0.000000 0.000000 0.199997 0.979796
1698081356.5841253 58.80978127739604 -86.93057007613879 -0.440783 0.000000 0.000000 0.232619 0.972568
1698081357.09258 59.67356947962703 -86.3764987123845 -0.428783 0.000000 0.000000 0.281319 0.959614
1698081357.5854824 60.58165452102782 -85.79164569365041 -0.479783 0.000000 0.000000 0.282204 0.959354
1698081358.0928957 61.50081395069501 -85.22731365874283 -0.470783 0.000000 0.000000 0.271848 0.962340
1698081358.58205 62.46427051206867 -84.68350241917264 -0.485783 0.000000 0.000000 0.254113 0.967175
1698081359.0885706 63.438801227209524 -84.11917021341277 -0.512783 0.000000 0.000000 0.259445 0.965758
1698081359.5851579 64.44655482369357 -83.57535886883103 -0.447783 0.000000 0.000000 0.244906 0.969547
1698081360.0921326 65.43215983148166 -83.01102674894115 -0.414783 0.000000 0.000000 0.257085 0.966389
1698081360.5829926 66.46206191223985 -82.45695494454989 -0.373783 0.000000 0.000000 0.244289 0.969703
1698081361.0929885 67.42551829925361 -81.86184164059875 -0.401783 0.000000 0.000000 0.273145 0.961973
1698081361.6907523 68.44434600941479 -81.27698859838395 -0.329783 0.000000 0.000000 0.257620 0.966246
1698081362.0937793 69.48532262504376 -80.76395889276095 -0.325783 0.000000 0.000000 0.226955 0.973905
1698081362.5891423 70.54844780976671 -80.26118962127384 -0.300783 0.000000 0.000000 0.219082 0.975706
1698081363.093644 71.6337215099039 -79.75842030266624 -0.328783 0.000000 0.000000 0.215218 0.976566
1698081363.6111374 72.6968467853318 -79.26591165327804 -0.275783 0.000000 0.000000 0.215218 0.976566
1698081364.0934348 73.79319498309157 -78.80418433700416 -0.325783 0.000000 0.000000 0.197986 0.980205
1698081364.5851543 74.86739432821813 -78.27063385465345 -0.340783 0.000000 0.000000 0.228465 0.973552
1698081365.0882123 75.93051960341684 -77.76786493660543 -0.333783 0.000000 0.000000 0.219082 0.975706
1698081365.5882664 77.00471903971417 -77.2445750800235 -0.351783 0.000000 0.000000 0.224719 0.974424
1698081366.0950727 78.01247289863103 -76.70076468154926 -0.340783 0.000000 0.000000 0.244905 0.969547
1698081366.5899074 78.97592973264008 -76.14669410274406 -0.367783 0.000000 0.000000 0.257998 0.966145
1698081367.0975685 79.9061640465392 -75.63366566095041 -0.376783 0.000000 0.000000 0.249340 0.968416
1698081367.5898697 80.8142500364027 -75.15141881783684 -0.370783 0.000000 0.000000 0.241676 0.970357
1698081368.0969155 81.73341003557223 -74.61786960652643 -0.361783 0.000000 0.000000 0.259949 0.965622
1698081368.5908377 82.6857924494684 -74.01249698494269 -0.317783 0.000000 0.000000 0.279340 0.960192
1698081369.096328 83.70462073115188 -73.4789474260826 -0.320783 0.000000 0.000000 0.238877 0.971050
1698081369.5848033 84.75667177746203 -72.94539777786565 -0.367783 0.000000 0.000000 0.232528 0.972590
1698081370.0957317 85.76442575195668 -72.39132747305831 -0.361783 0.000000 0.000000 0.248709 0.968578
1698081370.5885367 86.67251204578328 -71.95012289231079 -0.345783 0.000000 0.000000 0.224214 0.974540
1698081371.0913234 87.42555925754914 -71.59100285853154 -0.333783 0.000000 0.000000 0.220663 0.975350
1698081371.588445 88.06786437891343 -71.31396713756882 -0.311783 0.000000 0.000000 0.202200 0.979344
1698081372.0922873 88.72124351262829 -70.9856290437749 -0.266783 0.000000 0.000000 0.230734 0.973017
1698081372.5886135 89.4521422994408 -70.63676967837011 -0.285783 0.000000 0.000000 0.220827 0.975313
1698081373.095501 90.27163484838293 -70.23660759542442 -0.292783 0.000000 0.000000 0.225176 0.974318
1698081373.5943794 91.15757280653466 -69.81592431104268 -0.282783 0.000000 0.000000 0.219850 0.975534
1698081374.0949132 92.043510964818 -69.43628294557521 -0.299783 0.000000 0.000000 0.201044 0.979582
1698081374.593358 92.94052343036333 -69.06690204026708 -0.304783 0.000000 0.000000 0.194075 0.980987
1698081375.1003685 93.72679276451827 -68.55387516144377 -0.285783 0.000000 0.000000 0.285051 0.958512
1698081375.5955539 94.41339383094528 -68.03058832020359 -0.386783 0.000000 0.000000 0.319890 0.947455
1698081376.1043952 94.933880449258 -67.34313482995297 -0.353783 0.000000 0.000000 0.445181 0.895441
1698081376.5984912 95.266104145463 -66.49151478215724 -0.327783 0.000000 0.000000 0.564166 0.825661
1698081377.111235 95.42114035425101 -65.74250018839533 -0.308783 0.000000 0.000000 0.631391 0.775465
1698081377.5976515 95.4432854798456 -64.96270478644384 -0.279783 0.000000 0.000000 0.696998 0.717073
1698081378.1090634 95.42113391247776 -64.24447236336214 -0.293783 0.000000 0.000000 0.717923 0.696122
1698081378.5918293 95.3546848658808 -63.403114547533164 -0.226783 0.000000 0.000000 0.734416 0.678700
1698081379.1041179 95.17749350433574 -62.59253857789102 -0.204783 0.000000 0.000000 0.778960 0.627074
1698081379.597926 95.06674755400928 -61.75118092323391 -0.202783 0.000000 0.000000 0.751832 0.659355
1698081380.1025946 94.91170436641157 -60.83800018092354 -0.224783 0.000000 0.000000 0.763999 0.645218
1698081380.59821 94.84525530624983 -59.945339998388455 -0.191783 0.000000 0.000000 0.732883 0.680355
1698081381.1036599 94.70128635627724 -59.00137778470959 -0.164783 0.000000 0.000000 0.758542 0.651624
1698081381.5986397 94.54624333438255 -58.08819699181253 -0.240783 0.000000 0.000000 0.763999 0.645218
1698081382.1106813 94.49086872402543 -57.20579719821182 -0.245783 0.000000 0.000000 0.728914 0.684605
1698081382.600007 94.43549412752208 -56.31313693387448 -0.212783 0.000000 0.000000 0.728668 0.684867
1698081383.1033666 94.38011950857154 -55.3999557320567 -0.203783 0.000000 0.000000 0.728192 0.685373
1698081383.6034594 94.3358192296167 -54.49703494802953 -0.284783 0.000000 0.000000 0.724225 0.689563
1698081384.1144838 94.29151933390273 -53.68645834765887 -0.300783 0.000000 0.000000 0.726144 0.687542
1698081384.603588 94.2361453032783 -52.89640271176729 -0.270783 0.000000 0.000000 0.731409 0.681939
1698081385.1060846 94.18077127895285 -52.09608660385123 -0.274783 0.000000 0.000000 0.731104 0.682266
1698081385.5992072 94.09217437649214 -51.24446827597377 -0.236783 0.000000 0.000000 0.742790 0.669524
1698081386.104517 93.93713196076698 -50.372329229455865 -0.245783 0.000000 0.000000 0.766495 0.642251
1698081386.603661 93.77101521108416 -49.459148338021365 -0.204783 0.000000 0.000000 0.767780 0.640713
1698081387.1100738 93.58274995400986 -48.525446566145305 -0.195783 0.000000 0.000000 0.773840 0.633382
1698081387.599087 93.39448449540292 -47.50966104209245 -0.189783 0.000000 0.000000 0.768842 0.639439
1698081388.1139393 93.19514479482001 -46.47335459700387 -0.187783 0.000000 0.000000 0.771004 0.636831
1698081388.610971 93.02902772491504 -45.375485225666 -0.184783 0.000000 0.000000 0.758158 0.652071
1698081389.106328 92.87398516516484 -44.339178596800785 -0.128783 0.000000 0.000000 0.757616 0.652701
1698081389.6002657 92.70786839760298 -43.29261151205573 -0.042783 0.000000 0.000000 0.760514 0.649322
1698081390.108241 92.5639000583328 -42.1947420094359 -0.063783 0.000000 0.000000 0.751672 0.659537
1698081390.6008003 92.43100604654924 -41.096872455354905 -0.004783 0.000000 0.000000 0.748388 0.663261
1698081391.1070485 92.30918644492131 -40.02978425355459 -0.004783 0.000000 0.000000 0.746131 0.665799
1698081391.6026769 92.1873668929072 -38.952435567263784 0.056217 0.000000 0.000000 0.745774 0.666199
1698081392.1014333 92.05447324527847 -37.90586829126668 0.061217 0.000000 0.000000 0.750323 0.661071
1698081392.6019733 91.87728269973452 -36.86956157266892 0.066217 0.000000 0.000000 0.764375 0.644772
1698081393.2101362 91.72224069971763 -35.82299430979335 0.073217 0.000000 0.000000 0.757147 0.653244
1698081393.6059937 91.57827302034137 -34.77642700095243 0.122217 0.000000 0.000000 0.753750 0.657161
1698081394.1166368 91.40108271212488 -33.75038067976336 0.147217 0.000000 0.000000 0.764910 0.644138
1698081394.608008 91.19066968300044 -32.7038134714093 0.143217 0.000000 0.000000 0.773662 0.633598
1698081395.1173604 91.01347947415543 -31.65724616606156 0.123217 0.000000 0.000000 0.763849 0.645395
1698081395.605274 90.82521510837384 -30.6209393253683 0.155217 0.000000 0.000000 0.767705 0.640803
1698081396.1204293 90.63695085456045 -29.605153393367992 0.172217 0.000000 0.000000 0.768842 0.639439
1698081396.6005485 90.44868659076198 -28.54832556509156 0.204217 0.000000 0.000000 0.766609 0.642114
1698081397.112008 90.27149674352171 -27.542800030879818 0.201217 0.000000 0.000000 0.766010 0.642829
1698081397.6068707 90.10538112187216 -26.485972112528042 0.160217 0.000000 0.000000 0.760025 0.649894
1698081398.1105063 89.93926564332459 -25.470186044669738 0.161217 0.000000 0.000000 0.762033 0.647538
1698081398.6137848 89.78422446611134 -24.444139467417592 0.184217 0.000000 0.000000 0.758093 0.652147
1698081399.1129553 89.65133180790073 -23.387311429761336 0.172217 0.000000 0.000000 0.749921 0.661527
1698081399.6099858 89.51843925362881 -22.351004310717066 0.089217 0.000000 0.000000 0.750731 0.660608
1698081400.1156166 89.3412497612984 -21.30443676654261 0.090217 0.000000 0.000000 0.763849 0.645395
1698081400.6096807 89.14191181595936 -20.237348290928136 0.075217 0.000000 0.000000 0.769295 0.638894
1698081401.1066537 88.9536481942787 -19.170259771600143 0.076217 0.000000 0.000000 0.766076 0.642750
1698081401.6085613 88.74323610314268 -18.06212937732204 0.112217 0.000000 0.000000 0.770243 0.637751
1698081402.1156783 88.54389836348103 -16.974519878073995 0.090217 0.000000 0.000000 0.768205 0.640204
1698081402.6059265 88.38885771931606 -15.907431242550429 0.096217 0.000000 0.000000 0.756235 0.654300
1698081403.113857 88.24489135869332 -14.79930069457833 0.097217 0.000000 0.000000 0.751277 0.659987
1698081403.6064494 88.17844480321442 -13.670649117588988 0.123217 0.000000 0.000000 0.727589 0.686014
1698081404.1139116 88.11199834848229 -12.562518469916814 0.171217 0.000000 0.000000 0.727961 0.685618
1698081404.6074975 87.99018069967784 -11.413345977041265 0.080217 0.000000 0.000000 0.743443 0.668800
1698081405.1179829 87.9126601690937 -10.315475782319053 0.079217 0.000000 0.000000 0.731585 0.681750
1698081405.6053748 87.82406550023106 -9.268907931470158 0.077217 0.000000 0.000000 0.736326 0.676627
1698081406.1195657 87.68009967191304 -8.242861038275368 0.096217 0.000000 0.000000 0.754636 0.656144
1698081406.6126034 87.48076271277297 -7.309158381917505 0.013217 0.000000 0.000000 0.777427 0.628973
1698081407.115671 87.13746067489687 -6.601186106829878 0.014217 0.000000 0.000000 0.847442 0.530887
1698081407.6137962 86.65019359698601 -6.293372203675761 -0.015783 0.000000 0.000000 0.960582 0.277996
1698081408.1238184 86.29581767917875 -6.3959770584733775 -0.002783 0.000000 0.000000 -0.990088 0.140449
1698081408.611677 86.11862985491487 -6.755093614498058 -0.090783 0.000000 0.000000 -0.849256 0.527981
1698081409.1157262 85.9525162450155 -7.0218659345560495 -0.065783 0.000000 0.000000 -0.874237 0.485499
1698081409.6095624 85.74210562931776 -7.257856867301661 -0.168783 0.000000 0.000000 -0.912550 0.408965
1698081410.1095107 85.56491784565763 -7.658015332027831 -0.143783 0.000000 0.000000 -0.838116 0.545492
1698081410.61005 85.46524982140629 -8.068434234163066 -0.194783 0.000000 0.000000 -0.786125 0.618067
1698081411.1158745 85.37665602673808 -8.427550780072433 -0.139783 0.000000 0.000000 -0.787248 0.616637
1698081411.6078687 85.49847299674254 -8.83796956421827 -0.137783 0.000000 0.000000 -0.598104 0.801418
1698081412.1161697 85.78640369901653 -9.22786729774579 -0.168783 0.000000 0.000000 -0.450527 0.892763
1698081412.610975 86.14077985075083 -9.53568120628775 -0.194783 0.000000 0.000000 -0.350026 0.936740
1698081413.1209688 86.62804702123327 -9.884536896382926 -0.196783 0.000000 0.000000 -0.305700 0.952128
1698081413.612617 87.17068554235739 -10.377039108989054 -0.149783 0.000000 0.000000 -0.360217 0.932868
1698081414.1190095 87.66902714304179 -10.95162507752229 -0.154783 0.000000 0.000000 -0.415207 0.909727
1698081414.6065586 88.08984919083447 -11.741680926404165 -0.217783 0.000000 0.000000 -0.514724 0.857356
1698081415.1228724 88.33348340160063 -12.654862510453139 -0.225783 0.000000 0.000000 -0.609188 0.793026
1698081415.7326276 88.47744944733115 -13.588565093642275 -0.370783 0.000000 0.000000 -0.651004 0.759074
1698081416.1211276 88.58819283308924 -14.553049097755013 -0.313783 0.000000 0.000000 -0.665555 0.746348
1698081416.6161315 88.6214164970972 -15.476491291947042 -0.347783 0.000000 0.000000 -0.694278 0.719706
1698081417.1228485 88.65464029439092 -16.47175676602014 -0.333783 0.000000 0.000000 -0.695211 0.718806
1698081417.6147063 88.71001269224004 -17.49780361568928 -0.286783 0.000000 0.000000 -0.687791 0.725909
1698081418.1241174 88.79860785507145 -18.482808542038793 -0.302783 0.000000 0.000000 -0.674692 0.738100
1698081418.6144295 88.93150010431148 -19.488334337912576 -0.353783 0.000000 0.000000 -0.659158 0.752005
1698081419.116619 89.06439244716188 -20.51438105383255 -0.358783 0.000000 0.000000 -0.660134 0.751148
1698081419.6147788 89.19728487597372 -21.55068822026694 -0.382783 0.000000 0.000000 -0.660608 0.750731
1698081420.120102 89.3080289843464 -22.658818682210992 -0.400783 0.000000 0.000000 -0.671028 0.741432
1698081420.6145368 89.4409217042999 -23.78747003083394 -0.377783 0.000000 0.000000 -0.664478 0.747307
1698081421.122638 89.59596305778965 -24.946902729757472 -0.365783 0.000000 0.000000 -0.658581 0.752510
1698081421.615491 89.79530147710992 -26.096074857611537 -0.340783 0.000000 0.000000 -0.643852 0.765150
1698081422.1236813 89.93926879480976 -27.27602846081309 -0.330783 0.000000 0.000000 -0.662905 0.748703
1698081422.616057 90.06108770723193 -28.455982083082205 -0.418783 0.000000 0.000000 -0.669815 0.742528
1698081423.1216533 90.22720374744551 -29.656456536132016 -0.403783 0.000000 0.000000 -0.656860 0.754012
1698081423.6134036 90.39331996754068 -30.897972835261754 -0.357783 0.000000 0.000000 -0.658552 0.752535
1698081424.1237943 90.53728776955892 -32.12922868514951 -0.396783 0.000000 0.000000 -0.664780 0.747040
1698081424.6165516 90.72555259930024 -33.32970301120201 -0.451783 0.000000 0.000000 -0.650026 0.759912
1698081425.122555 90.9248917274297 -34.50965634666682 -0.450783 0.000000 0.000000 -0.645532 0.763734
1698081425.6205776 91.10208230373426 -35.62804689725554 -0.436783 0.000000 0.000000 -0.649430 0.760422
1698081426.1316857 91.25712461405713 -36.8080002818489 -0.414783 0.000000 0.000000 -0.659440 0.751757
1698081426.6209712 91.45646411593955 -38.02899539780714 -0.466783 0.000000 0.000000 -0.647639 0.761947
1698081427.1280172 91.62258097085916 -39.24999056943863 -0.505783 0.000000 0.000000 -0.657720 0.753262
1698081427.6205814 91.73332643294258 -40.37864165870255 -0.405783 0.000000 0.000000 -0.671695 0.740828
1698081428.1221998 91.84407228892177 -41.62015786672675 -0.395783 0.000000 0.000000 -0.674963 0.737851
1698081428.6210558 91.999115271631 -42.87193439928492 -0.432783 0.000000 0.000000 -0.662224 0.749306
1698081429.2255974 92.13200983065333 -44.113450504430446 -0.483783 0.000000 0.000000 -0.668418 0.743786
1698081429.6236773 92.27597849474199 -45.27288282010871 -0.471783 0.000000 0.000000 -0.662108 0.749408
1698081430.1313965 92.48639283513367 -46.46309631001211 -0.470783 0.000000 0.000000 -0.642617 0.766188
1698081430.6240916 92.71895566924947 -47.6225282966958 -0.480783 0.000000 0.000000 -0.633772 0.773520
1698081431.1312473 92.89614738285293 -48.7922208922419 -0.474783 0.000000 0.000000 -0.652006 0.758214
1698081431.6205626 93.1176365550473 -50.07477844324056 -0.458783 0.000000 0.000000 -0.644137 0.764910
1698081432.1267946 93.31697705972353 -51.27525230326558 -0.461783 0.000000 0.000000 -0.646603 0.762826
1698081432.6180925 93.50524319769838 -52.414163373945314 -0.509783 0.000000 0.000000 -0.646881 0.762591
1698081433.1282911 93.64921260764825 -53.60437690225165 -0.513783 0.000000 0.000000 -0.663293 0.748360
1698081433.6216743 93.82640489417584 -54.80485075332093 -0.419783 0.000000 0.000000 -0.653445 0.756974
1698081434.1358857 93.95930032030496 -56.01558520748912 -0.415783 0.000000 0.000000 -0.667417 0.744684
1698081434.626949 94.08112174830758 -57.26736154245711 -0.365783 0.000000 0.000000 -0.671989 0.740561
1698081435.138871 94.18079442619741 -58.42679375455003 -0.351783 0.000000 0.000000 -0.676147 0.736767
1698081435.6253836 94.25831833169761 -59.49388185074278 -0.380783 0.000000 0.000000 -0.681007 0.732277
1698081436.1337028 94.32476814504834 -60.581490910083325 -0.363783 0.000000 0.000000 -0.685207 0.728349
1698081436.6228266 94.47981165184433 -61.57675541357715 -0.310783 0.000000 0.000000 -0.650413 0.759580
1698081437.126283 94.74559741537396 -62.50019618201774 -0.295783 0.000000 0.000000 -0.601418 0.798934
1698081437.627925 95.13319902803272 -63.197906182085255 -0.277783 0.000000 0.000000 -0.507135 0.861867
1698081438.1378236 95.69798787563741 -63.710927038811136 -0.222783 0.000000 0.000000 -0.360405 0.932796
1698081438.6279387 96.4178152679524 -63.99821699317164 -0.223783 0.000000 0.000000 -0.188730 0.982029
1698081439.1411192 97.2705324344505 -63.99821338288345 -0.144783 0.000000 0.000000 0.000002 1.000000
1698081439.6303048 98.21184302926821 -63.864823381338226 -0.107783 0.000000 0.000000 0.070327 0.997524
1698081440.138782 99.17530225268925 -63.76221469005787 -0.098783 0.000000 0.000000 0.053025 0.998593
1698081440.6347413 100.2938014407253 -63.77247043200212 -0.114783 0.000000 0.000000 -0.004584 0.999989
1698081441.1422446 101.50089462114352 -63.78272579993264 -0.099783 0.000000 0.000000 -0.004248 0.999991
1698081441.6270711 102.74121063699135 -63.813501943745464 -0.057783 0.000000 0.000000 -0.012404 0.999923
1698081442.1398773 104.02582378019086 -63.87505927265901 -0.066783 0.000000 0.000000 -0.023939 0.999713
1698081442.6288013 105.29936233011922 -63.854532974515934 -0.073783 0.000000 0.000000 0.008058 0.999968
1698081443.1367662 106.53967774506842 -63.7416627066672 -0.016783 0.000000 0.000000 0.045360 0.998971
1698081443.6298547 107.6803245757248 -63.54670922707438 -0.060783 0.000000 0.000000 0.084539 0.996420
1698081444.1400707 108.79882278266142 -63.32097450394586 -0.108783 0.000000 0.000000 0.099408 0.995047
1698081444.6269693 109.90624657551794 -63.054198041883474 -0.207783 0.000000 0.000000 0.117922 0.993023
1698081445.1369686 111.02474428112268 -62.70533794067386 -0.225783 0.000000 0.000000 0.150594 0.988596
1698081445.630211 112.1653906226463 -62.38725915935062 -0.214783 0.000000 0.000000 0.135556 0.990770
1698081446.1300597 113.3060367182838 -62.00761771208536 -0.218783 0.000000 0.000000 0.159959 0.987124
1698081446.6300943 114.47990569981965 -61.658757539976186 -0.213783 0.000000 0.000000 0.143936 0.989587
1698081447.1363592 115.68699710392269 -61.22781368236961 -0.245783 0.000000 0.000000 0.170614 0.985338
1698081447.6273286 116.88301410905663 -60.75582813840105 -0.176783 0.000000 0.000000 0.186830 0.982392
1698081448.1407738 118.10117942308369 -60.23254033307355 -0.173783 0.000000 0.000000 0.201479 0.979493
1698081448.6304023 119.31934463631738 -59.678471269461326 -0.152783 0.000000 0.000000 0.211819 0.977309
1698081449.1404676 120.48213854440912 -59.10388161474587 -0.138783 0.000000 0.000000 0.227468 0.973786
1698081449.6331935 121.63385826681609 -58.53955253856622 -0.068783 0.000000 0.000000 0.225838 0.974165
1698081450.1436973 122.77450415699325 -58.07782805226843 -0.077783 0.000000 0.000000 0.191132 0.981564
1698081450.6237235 123.8708534562198 -57.71870825500136 -0.036783 0.000000 0.000000 0.157613 0.987501
1698081451.1380217 124.96720292238642 -57.400630288963455 -0.043783 0.000000 0.000000 0.140718 0.990050
1698081451.7240021 126.0303296860703 -57.09281293727623 -0.135783 0.000000 0.000000 0.140450 0.990088
1698081452.1371386 127.12667909065384 -56.754214176752676 -0.126783 0.000000 0.000000 0.149215 0.988805
1698081452.6310065 128.25625109851018 -56.37457357043052 -0.083783 0.000000 0.000000 0.161407 0.986888
1698081453.1371093 129.41904579033903 -55.97441201603604 -0.037783 0.000000 0.000000 0.164964 0.986300
1698081453.6310263 130.60398918034787 -55.62555264499524 -0.103783 0.000000 0.000000 0.142672 0.989770
1698081454.1340272 131.77785818134674 -55.23565160882989 -0.086783 0.000000 0.000000 0.159657 0.987173
1698081454.626972 132.94065309304938 -54.88679243080659 -0.027783 0.000000 0.000000 0.145221 0.989399
1698081455.124849 134.1034481262121 -54.56871462069034 0.009217 0.000000 0.000000 0.133111 0.991101
1698081455.6315732 135.29946620965558 -54.332720239600995 0.103217 0.000000 0.000000 0.097253 0.995260
1698081456.1344886 136.57300397125107 -54.0762047463069 0.080217 0.000000 0.000000 0.099217 0.995066
1698081456.6310265 137.82439316721232 -53.79916850221342 0.089217 0.000000 0.000000 0.108719 0.994073
1698081457.136924 139.1422276492462 -53.46056946132037 0.066217 0.000000 0.000000 0.125417 0.992104
1698081457.6305604 140.40469092900935 -53.13223110611237 0.079217 0.000000 0.000000 0.126877 0.991918
1698081458.1379697 141.67822853928394 -52.824413635098146 0.171217 0.000000 0.000000 0.118299 0.992978
1698081458.6320171 142.99606311941628 -52.506335628918684 0.190217 0.000000 0.000000 0.118141 0.992997
1698081459.1320562 144.3249717805384 -52.13695548321417 0.165217 0.000000 0.000000 0.135142 0.990826
1698081459.6253316 145.64280613500142 -51.747054579857085 0.256217 0.000000 0.000000 0.143334 0.989674
1698081460.1385527 146.98278892825405 -51.33663280901565 0.276217 0.000000 0.000000 0.148062 0.988978
1698081460.6326776 148.32277149423766 -50.8543881108205 0.210217 0.000000 0.000000 0.171871 0.985119
1698081461.1367886 149.5298628423869 -50.300320947463504 0.205217 0.000000 0.000000 0.213504 0.976942
1698081461.6335962 150.6705087165109 -49.746254090068625 0.269217 0.000000 0.000000 0.224169 0.974550
1698081462.14596 151.82222896119447 -49.22296856011614 0.269217 0.000000 0.000000 0.211621 0.977352
1698081462.6325486 153.0071720408355 -48.72020385388999 0.298217 0.000000 0.000000 0.199293 0.979940
1698081463.1460338 154.214263539509 -48.18665788082505 0.291217 0.000000 0.000000 0.206596 0.978426
1698081463.6360314 155.43242930845804 -47.653111958131774 0.293217 0.000000 0.000000 0.204949 0.978773
1698081464.137094 156.67274372551458 -47.160607744768086 0.322217 0.000000 0.000000 0.187870 0.982194
1698081464.7325664 157.95735541326306 -46.7501868517777 0.322217 0.000000 0.000000 0.154005 0.988070
1698081465.2334683 159.19767011480252 -46.339766165797556 0.299217 0.000000 0.000000 0.159101 0.987262
1698081465.734099 160.43798507794966 -46.011428908408604 0.245217 0.000000 0.000000 0.129032 0.991640
1698081466.1470385 161.62292908185768 -45.77543565083352 0.196217 0.000000 0.000000 0.098136 0.995173
1698081466.6355546 162.7635763083657 -45.6112654940701 0.109217 0.000000 0.000000 0.071412 0.997447
1698081467.146942 163.87100060357096 -45.385532954327516 0.051217 0.000000 0.000000 0.100371 0.994950
1698081467.636744 164.8676827131328 -45.26240495236906 0.038217 0.000000 0.000000 0.061419 0.998112
1698081468.1474476 165.77577134813535 -45.313704316521076 0.024217 0.000000 0.000000 -0.028212 0.999602
1698081468.6273773 166.55096929568728 -45.467608235942016 -0.011783 0.000000 0.000000 -0.097836 0.995203
1698081469.1444871 167.0493119334077 -45.9293254539308 0.012217 0.000000 0.000000 -0.365001 0.931007
1698081469.728282 167.21542768893136 -46.58599156141175 0.064217 0.000000 0.000000 -0.614311 0.789064
1698081470.1483634 167.1157618645987 -47.365783474529366 0.112217 0.000000 0.000000 -0.750593 0.660765
1698081470.634516 166.75031428248425 -48.20713874389217 0.145217 0.000000 0.000000 -0.836181 0.548454
1698081471.1485348 166.08586170253955 -48.956151273098826 0.163217 0.000000 0.000000 -0.912036 0.410111
1698081471.641465 165.1888496786531 -49.6333417139034 0.139217 0.000000 0.000000 -0.948183 0.317724
1698081472.1484551 164.158946758205 -50.33105351215768 0.079217 0.000000 0.000000 -0.956009 0.293338
1698081472.639471 163.04044956114097 -50.93642193786287 0.078217 0.000000 0.000000 -0.969394 0.245508
1698081473.1392717 161.8112098567389 -51.53153041033334 0.066217 0.000000 0.000000 -0.974697 0.223530
1698081473.6410756 160.57089585843684 -52.106118177143735 0.088217 0.000000 0.000000 -0.976566 0.215216
1698081474.2465467 159.25306195634343 -52.629404204078185 0.065217 0.000000 0.000000 -0.982194 0.187870
1698081474.637841 157.8909308594348 -53.09112794432643 0.049217 0.000000 0.000000 -0.986679 0.162682
1698081475.1486719 156.52879981493845 -53.56311219008212 0.075217 0.000000 0.000000 -0.986125 0.166007
1698081475.6382318 155.15559457386757 -54.045356984090475 0.033217 0.000000 0.000000 -0.985776 0.168062
1698081476.148748 153.77131510076276 -54.527601907042445 0.059217 0.000000 0.000000 -0.985986 0.166828
1698081476.6403496 152.33166436065497 -54.999586693289366 0.022217 0.000000 0.000000 -0.987481 0.157741
1698081477.1492481 150.8920135242522 -55.440790288898924 0.021217 0.000000 0.000000 -0.988966 0.148142
1698081477.6356905 149.37484295576525 -55.881994255331435 0.039217 0.000000 0.000000 -0.990005 0.141029
1698081478.1496615 147.87982086433465 -56.31293779969019 0.022217 0.000000 0.000000 -0.990171 0.139862
1698081478.637275 146.35157592312055 -56.713100262459925 0.005217 0.000000 0.000000 -0.991813 0.127698
1698081479.2502427 144.77903395865752 -57.1030025436143 -0.014783 0.000000 0.000000 -0.992625 0.121222
1698081479.6381323 143.1954177964876 -57.50316537929336 0.002217 0.000000 0.000000 -0.992352 0.123438
1698081480.1532364 141.61180156888295 -57.88280743373504 -0.012783 0.000000 0.000000 -0.993088 0.117374
1698081480.6417446 139.99496264449925 -58.27271012792394 -0.049783 0.000000 0.000000 -0.993009 0.118041
1698081481.153378 138.3781236941225 -58.65235247233219 -0.042783 0.000000 0.000000 -0.993359 0.115058
1698081481.6419132 136.82773025223423 -59.03199463681195 -0.058783 0.000000 0.000000 -0.992800 0.119783
1698081482.1445916 135.27733642013172 -59.30903250631374 -0.062783 0.000000 0.000000 -0.996094 0.088296
1698081482.6437514 133.74909093248584 -59.54502858882651 -0.089783 0.000000 0.000000 -0.997067 0.076531
1698081483.1511934 132.22084492386847 -59.647639005264224 -0.122783 0.000000 0.000000 -0.999438 0.033515
1698081483.6376815 130.68152426391464 -59.6476450806863 -0.087783 0.000000 0.000000 -1.000000 0.000002
1698081484.1540897 129.17542607210035 -59.57582793479477 -0.100783 0.000000 0.000000 0.999716 0.023822
1698081484.63868 127.71362467738034 -59.45270838524896 -0.113783 0.000000 0.000000 0.999118 0.042001
1698081485.1433442 126.26289749648657 -59.31932832424976 -0.126783 0.000000 0.000000 0.998949 0.045825
1698081485.6446369 124.86754160504265 -59.19620846629202 -0.081783 0.000000 0.000000 0.999032 0.043990
1698081486.1551425 123.58292820863412 -59.07308815231376 -0.086783 0.000000 0.000000 0.998859 0.047757
1698081486.6386163 122.3869088905896 -58.97048836512914 -0.098783 0.000000 0.000000 0.999085 0.042774
1698081487.1498363 121.26840959823649 -58.93971138889746 -0.115783 0.000000 0.000000 0.999905 0.013754
1698081487.642203 120.27172720823057 -58.94997572237476 -0.128783 0.000000 0.000000 -0.999987 0.005149
1698081488.1435926 119.43008406930736 -58.89867676420357 -0.169783 0.000000 0.000000 0.999537 0.030433
1698081488.6421974 118.66596051498702 -58.80633570259621 -0.222783 0.000000 0.000000 0.998193 0.060095
1698081489.1499987 118.02365378308775 -58.734515057363424 -0.263783 0.000000 0.000000 0.998450 0.055648
1698081489.6431727 117.60283203559491 -58.66269354611688 -0.272783 0.000000 0.000000 0.996430 0.084420
1698081490.1505573 117.52531213160377 -58.62165204966072 -0.302783 0.000000 0.000000 0.970510 0.241060
1698081490.6420271 117.5806831388905 -58.560089137115206 -0.430783 0.000000 0.000000 0.406985 0.913435
1698081491.1420465 117.52531106014163 -58.34461991103851 -0.398783 0.000000 0.000000 0.790220 0.612823
1698081491.642541 117.32597425803642 -58.26253708321456 -0.416783 0.000000 0.000000 0.980988 0.194071
1698081492.15448 117.17093413792648 -58.09837048402084 -0.448783 0.000000 0.000000 0.918316 0.395848
1698081492.6440427 117.13771123297896 -58.0573288133343 -0.510783 0.000000 0.000000 0.902547 0.430591
1698081493.1469948 117.17093382278978 -58.016286886287425 -0.562783 0.000000 0.000000 0.430594 0.902546
1698081493.6436524 117.19308204574799 -57.94446365286498 -0.559783 0.000000 0.000000 0.593852 0.804574
1698081494.1500623 117.10448797338337 -57.92394309256288 -0.670783 0.000000 0.000000 0.993531 0.113560
1698081494.758077 117.10448809150637 -57.954724443216726 -0.719783 0.000000 0.000000 -0.707105 0.707108
1698081495.1490452 117.09341388132378 -57.96498493453292 -0.735783 0.000000 0.000000 -0.931006 0.365005
1698081495.638483 117.08233963233175 -57.96498497741402 -0.748783 0.000000 0.000000 -1.000000 0.000002
1698081496.149709 117.06019109450628 -57.95472461280195 -0.748783 0.000000 0.000000 0.976567 0.215213
1698081496.6441247 117.06019117360805 -57.97524551151147 -0.758783 0.000000 0.000000 -0.707105 0.707108
1698081497.1559114 117.06019113394294 -57.96498506210186 -0.765783 0.000000 0.000000 0.707108 0.707105
1698081497.6473296 117.06019109450628 -57.95472461280195 -0.796783 0.000000 0.000000 0.707108 0.707105
1698081498.1562564 117.06019113394294 -57.96498506210186 -0.782783 0.000000 0.000000 -0.707105 0.707108
1698081498.6504226 117.07126538387101 -57.96498501968421 -0.809783 0.000000 0.000000 0.000002 1.000000
1698081499.1568222 117.07126534420868 -57.954724570280106 -0.807783 0.000000 0.000000 0.707108 0.707105
1698081499.6503086 117.06019113394294 -57.96498506210186 -0.798783 0.000000 0.000000 -0.931006 0.365005
1698081500.1502283 117.06019113394294 -57.96498506210186 -0.790783 0.000000 0.000000 0.000000 1.000000
1698081500.650881 117.06019113394294 -57.96498506210186 -0.784783 0.000000 0.000000 0.000000 1.000000
1698081501.1576166 117.06019113394294 -57.96498506210186 -0.773783 0.000000 0.000000 0.000000 1.000000
1698081501.6487052 117.0491169242725 -57.97524555388034 -0.778783 0.000000 0.000000 -0.931006 0.365005
1698081502.1581 117.0491169242725 -57.97524555388034 -0.785783 0.000000 0.000000 0.000000 1.000000
1698081502.6479988 117.04911680601442 -57.94446420452568 -0.770783 0.000000 0.000000 0.707108 0.707105
1698081503.1583138 117.04911680601442 -57.94446420452568 -0.774783 0.000000 0.000000 0.000000 1.000000
1698081503.6497815 117.04911688457955 -57.964985104449426 -0.727783 0.000000 0.000000 -0.707105 0.707108
1698081504.158653 117.04911688457955 -57.964985104449426 -0.708783 0.000000 0.000000 0.000000 1.000000
1698081504.6391807 117.04911688457955 -57.964985104449426 -0.752783 0.000000 0.000000 0.000000 1.000000
1698081505.159226 117.06019117360805 -57.97524551151147 -0.742783 0.000000 0.000000 -0.365001 0.931007
1698081505.824335 117.03804259719587 -57.954724697833754 -0.765783 0.000000 0.000000 0.931007 0.365001
1698081506.1595497 117.03804255776917 -57.94446424706219 -0.774783 0.000000 0.000000 0.707108 0.707105
1698081506.650539 117.03804271539526 -57.98550604717166 -0.757783 0.000000 0.000000 -0.707105 0.707108
1698081507.1601517 117.03804267605273 -57.97524559645208 -0.773783 0.000000 0.000000 0.707108 0.707105
1698081507.6471846 117.03804267605273 -57.97524559645208 -0.752783 0.000000 0.000000 0.000000 1.000000
1698081508.1599262 117.03804267605273 -57.97524559645208 -0.762783 0.000000 0.000000 0.000000 1.000000
1698081508.650718 117.0380426363751 -57.96498514702125 -0.772783 0.000000 0.000000 0.707108 0.707105
1698081509.1535249 117.02696838627439 -57.96498518952817 -0.768783 0.000000 0.000000 -1.000000 0.000002
1698081509.7583134 117.02696846516226 -57.9855060896281 -0.766783 0.000000 0.000000 -0.707105 0.707108
1698081510.1640072 117.02696846516226 -57.9855060896281 -0.749783 0.000000 0.000000 0.000000 1.000000
1698081510.652589 117.01589417646548 -57.975245681435446 -0.756783 0.000000 0.000000 0.931007 0.365001
1698081511.1582212 117.02696838627439 -57.96498518952817 -0.758783 0.000000 0.000000 0.365005 0.931006
1698081511.6492367 117.01589417646548 -57.975245681435446 -0.785783 0.000000 0.000000 -0.931006 0.365005
1698081512.159546 117.01589417646548 -57.975245681435446 -0.781783 0.000000 0.000000 0.000000 1.000000
1698081512.6523786 117.00481992779358 -57.97524572378315 -0.789783 0.000000 0.000000 -1.000000 0.000002
1698081513.15968 117.00481992779358 -57.97524572378315 -0.788783 0.000000 0.000000 0.000000 1.000000
1698081513.6467135 117.01589413725632 -57.96498523222157 -0.787783 0.000000 0.000000 0.365005 0.931006
1698081514.1635237 117.01589413725632 -57.96498523222157 -0.785783 0.000000 0.000000 0.000000 1.000000
1698081514.7513602 117.01589417646548 -57.975245681435446 -0.792783 0.000000 0.000000 -0.707105 0.707108
1698081515.1633465 117.01589413725632 -57.96498523222157 -0.802783 0.000000 0.000000 0.707108 0.707105