1698081302.121124 0.5368379345287624 0.06811990076411092 -0.20478306745241956 0 0 0 1
1698081302.62168 0.005274046476254237 -0.23969597741812163 -0.29278306745241955 0 0 -0.9657582571660119 0.25944361375001546
1698081303.1313193 -0.43769585297919683 -0.5475118727214363 -0.27578306745241954 0 0 -0.9542531206110698 0.2989999695719633
1698081303.6193347 -0.8031460148901644 -0.8040251335893868 -0.21278306745241957 0 0 -0.95354513626302 0.30125018358357675
1698081304.123432 -1.0800021974549572 -0.9784541594519957 -0.22078306745241957 0 0 -0.960749250313014 0.27741823664456833
1698081304.6198263 -1.1021506824402982 -1.122101582131904 -0.3777830674524195 0 0 -0.7590736833913939 0.6510047182491244
1698081305.1257799 -1.1907446567085702 -1.2247068902936158 -0.41278306745241955 0 0 -0.9092680090381492 0.41621110958238516
1698081305.619229 -1.3347098697198538 -1.2965306131680516 -0.3717830674524195 0 0 -0.9733503637568808 0.22932306768911806
1698081306.1293128 -1.4011553549035172 -1.31705167878429 -0.3197830674524196 0 0 -0.9888048553813614 0.14921446972142102
1698081306.6156313 -1.6890857783976345 -1.4812201916194554 -0.39078306745241953 0 0 -0.9666216260175058 0.25620818120285166
1698081307.1273475 -2.054535912702879 -1.8403388038715933 -0.41778306745241955 0 0 -0.9255426742351869 0.3786433125905945
1698081307.6210287 -2.5307285158262003 -2.1891969174589985 -0.4557830674524196 0 0 -0.9504439714791696 0.31089589427797754
1698081308.15023 -2.9847726112944146 -2.5585761114457943 -0.5057830674524195 0 0 -0.9422638238028628 0.33487144750248216
1698081308.6257443 -3.3391485044814853 -2.7432657415067783 -0.5067830674524195 0 0 -0.9712857980000928 0.23791573845234118
1698081309.1272671 -3.52741067170204 -2.9689974733504862 -0.4757830674524196 0 0 -0.9056738706963156 0.42397504636234595
1698081309.6235108 -3.660301627934089 -3.051081754063323 -0.41978306745241956 0 0 -0.961973208902204 0.2731438180783096
1698081310.1346924 -3.793192590525955 -3.092123908484616 -0.41878306745241956 0 0 -0.9888048422656042 0.14921455663605246
1698081310.6257586 -3.892860831872948 -3.0305607362460623 -0.29678306745241956 0 0 0.9619732616954314 0.2731436321480936
1698081311.1308458 -3.837489591961942 -3.0408212578184877 -0.27278306745241954 0 0 -0.09148483019081793 0.9958064700758663
1698081311.633461 -3.7488956068761823 -3.061342302898454 -0.21678306745241957 0 0 -0.11356255935169489 0.9935308475902964
1698081312.1391044 -3.704598621991641 -3.0305606982821645 -0.23478306745241956 0 0 0.2990001046963013 0.9542530782720069
1698081312.6270702 -3.6492273546603977 -3.1742081329473177 -0.20678306745241956 0 0 -0.5658309103229924 0.8245213041050266
1698081313.139344 -3.593856094544922 -3.276813439307498 -0.21978306745241957 0 0 -0.512390251529467 0.8587527176886076
1698081313.6295912 -3.505262095242812 -3.3588976742341834 -0.2597830674524195 0 0 -0.3650048738177124 0.9310056079795201
1698081314.1398287 -3.4166680882778784 -3.471763501811723 -0.20678306745241956 0 0 -0.43735016810772304 0.899291293439532
1698081314.6332233 -3.2173315769697233 -3.697495148484933 -0.2597830674524195 0 0 -0.41114281834060973 0.9115709423445553
1698081315.1401527 -2.9183267899680754 -4.087395266750441 -0.2567830674524195 0 0 -0.4424161903568398 0.8968098541553502
1698081315.6285207 -2.5860991905561526 -4.672245448773376 -0.23978306745241956 0 0 -0.5030275131952663 0.8642703980633527
1698081316.1449404 -2.143129014724546 -5.472566713878627 -0.24478306745241957 0 0 -0.5078082070763564 0.8614701531834381
1698081316.6347158 -1.700158754291376 -6.375493235823207 -0.21278306745241957 0 0 -0.5289398978477963 0.8486592864423053
1698081317.14468 -1.2239656363457865 -7.40154605156634 -0.17978306745241956 0 0 -0.5380640401116094 0.8429039617529226
1698081317.6339672 -0.6591783987075466 -8.550725111226026 -0.19478306745241958 0 0 -0.5286402762940248 0.8488459567434937
1698081318.1425445 -0.09439105882638706 -9.720425144155737 -0.17678306745241956 0 0 -0.5315946052764434 0.84699892304594
1698081318.6333942 0.5146934215736213 -10.972209288622636 -0.10478306745241955 0 0 -0.5303165613756696 0.8477997079090589
1698081319.1401432 1.1127036754837678 -12.121388054335748 -0.06378306745241956 0 0 -0.5188359920107587 0.8548737996887096
1698081319.6375802 1.766085246289836 -13.260306154747179 0.01321693254758044 0 0 -0.501191362976539 0.86533647656719
1698081320.140952 2.4526896094950694 -14.358182011061137 -0.018783067452419554 0 0 -0.48464481976622115 0.8747110372424525
1698081320.6345599 3.117145492844572 -15.394494630572323 0.04221693254758045 0 0 -0.4797112903880443 0.8774263945620951
1698081321.1610203 3.825898506304182 -16.492370269468356 0.02621693254758045 0 0 -0.4783471968804698 0.8781708029971146
1698081321.634755 4.523577352861863 -17.59024581934556 0.02321693254758045 0 0 -0.4814846577719864 0.8764545192593812
1698081322.1444504 5.199107758183034 -18.66760024353779 0.02921693254758044 0 0 -0.4841315102344026 0.8749952461574615
1698081322.6378648 5.874638227777476 -19.734694043971402 -0.022783067452419557 0 0 -0.4822421496905659 0.8760379609707686
1698081323.145679 6.539094567441937 -20.83256933930981 -0.008783067452419552 0 0 -0.491031668538936 0.8711417223918669
1698081323.6388288 7.170328155467719 -21.86888144125613 -0.024783067452419552 0 0 -0.4897915645600479 0.8718395628129183
1698081324.142117 7.790487582151153 -22.915453997772445 -0.03878306745241956 0 0 -0.49508428893725887 0.8688449498313775
1698081324.636147 8.443869792089203 -23.9415053658778 -0.003783067452419561 0 0 -0.48107526679815976 0.8766792957946933
1698081325.1486733 9.097252209226312 -25.049640833368453 -0.029783067452419557 0 0 -0.4960301931285199 0.8683052732218567
1698081325.6437953 9.76170906190724 -26.219339319590443 -0.029783067452419557 0 0 -0.5030267533110749 0.8642708403349721
1698081326.1494567 10.43724029077268 -27.40955872906738 -0.035783067452419555 0 0 -0.5031867275329923 0.8641777116048748
1698081326.651352 11.179217295272982 -28.70238312265734 -0.06978306745241955 0 0 -0.50111544630111 0.8653804420475651
1698081327.1591456 11.910120062206197 -29.94390480667964 -0.08478306745241956 0 0 -0.4963227868132846 0.868138060039931
1698081327.6502037 12.70746860822777 -31.277770918409427 -0.13078306745241955 0 0 -0.4934119700796391 0.8697957391147242
1698081328.1702993 13.515891433082732 -32.57059478695131 -0.11778306745241957 0 0 -0.4846693203449245 0.8746974619354906
1698081328.6517973 14.35753725029757 -33.92498155845522 -0.19778306745241955 0 0 -0.4858951236419762 0.8740171215834096
1698081329.1529715 15.221331495161468 -35.197283975158065 -0.21378306745241957 0 0 -0.46813456261856046 0.883657191042957
1698081329.6542063 16.05190310348529 -36.46958632745529 -0.23078306745241955 0 0 -0.4761085071241092 0.8793865415413475
1698081330.1590326 16.88247502506198 -37.82397268316567 -0.24578306745241957 0 0 -0.4884800859564675 0.8725750429756527
1698081330.6533148 17.72412155635892 -39.27070351758103 -0.3377830674524196 0 0 -0.49857075762741504 0.8668490062512764
1698081331.1603787 18.587916667230463 -40.696913095439335 -0.3397830674524196 0 0 -0.4908921583816094 0.8712203445968447
1698081331.6519938 19.45171222931811 -42.23598818976034 -0.38978306745241953 0 0 -0.5052580950805362 0.862968282937205
1698081332.1605797 20.32658189887649 -43.67245792027887 -0.3877830674524195 0 0 -0.4898150417836111 0.8718263731056313
1698081332.6546469 21.212526169927955 -45.180751054629106 -0.4467830674524196 0 0 -0.49675274438962674 0.8678921078920894
1698081333.1562407 22.13169330319249 -46.67878339462728 -0.42778306745241956 0 0 -0.488373238852992 0.8726348489329534
1698081333.6528873 23.028711862006233 -48.104992030236694 -0.41378306745241955 0 0 -0.4835270416971356 0.8753294236729486
1698081334.1626542 23.88143356402347 -49.531200640975776 -0.42078306745241956 0 0 -0.49337302867566635 0.8698178283844268
1698081334.6596973 24.678783850227976 -50.86506466339177 -0.43278306745241957 0 0 -0.4934112520667056 0.8697961464239571
1698081335.1633472 25.44291151081656 -52.1989286600621 -0.43778306745241957 0 0 -0.5014578579975347 0.8651820713887478
1698081335.6588652 26.240261889066627 -53.491750358168325 -0.40478306745241954 0 0 -0.4873698148760454 0.8731956616633464
1698081336.163569 26.993315200088688 -54.73326952459999 -0.41078306745241955 0 0 -0.4906054028502713 0.8713818558439939
1698081336.6577046 27.74636830979171 -55.892704485084884 -0.3767830674524195 0 0 -0.47713017398757596 0.878832633139317
1698081337.1660063 28.521570006105705 -57.05213924562858 -0.3447830674524196 0 0 -0.4712673523944567 0.8819904095664073
1698081337.658668 29.27462357227232 -58.28339753807179 -0.39678306745241954 0 0 -0.48899810557744017 0.8722848461034244
1698081338.1619227 30.016602748328797 -59.45309269718711 -0.39378306745241953 0 0 -0.48184232526818127 0.8762579378129206
1698081338.6629963 30.75858218095999 -60.663829775780684 -0.42778306745241956 0 0 -0.48861107890469957 0.8725016983201725
1698081339.17026 31.500561752612064 -61.884827244685006 -0.41578306745241955 0 0 -0.4902471569883989 0.8715834584621213
1698081339.664588 32.17609542170057 -62.98269877930464 -0.3267830674524196 0 0 -0.4878254577858 0.8729411908806198
1698081340.170809 32.98452067115241 -64.20369573690877 -0.3747830674524195 0 0 -0.473253202586228 0.8809264476912239
1698081340.6936505 33.781871860254384 -65.4452136255018 -0.41378306745241955 0 0 -0.4793800645206355 0.8776074029656948
1698081341.1741376 34.546000226924875 -66.64568950253951 -0.39678306745241954 0 0 -0.4811600006038694 0.8766327930318855
1698081341.6600056 35.35442591267226 -67.897467589044 -0.5577830674524196 0 0 -0.47826841517413576 0.8782137114887358
1698081342.1626253 36.1628515147377 -69.10820352300925 -0.5707830674524196 0 0 -0.4715383404297697 0.881845561027972
1698081342.6548398 36.926980222259814 -70.31893953233894 -0.5887830674524196 0 0 -0.48284572481277904 0.8757054333678774
1698081343.1682458 37.73540626288133 -71.58097772741941 -0.5777830674524196 0 0 -0.4798983171315285 0.8773241163984533
1698081343.6651652 38.554906855380786 -72.88405774850045 -0.6027830674524196 0 0 -0.4835452903035709 0.875319342997306
1698081344.1768239 39.39655570571302 -74.11531400151114 -0.6167830674524196 0 0 -0.4667315952584646 0.8843990151438935
1698081344.669287 40.28250134220112 -75.2850068825319 -0.5327830674524195 0 0 -0.445096935784214 0.8954823938836002
1698081345.1734245 41.1573730300265 -76.49574168891606 -0.5387830674524196 0 0 -0.45514313783562693 0.8904182860213168
1698081345.6964138 41.97687352258725 -77.69621614077596 -0.5067830674524195 0 0 -0.4670095678803403 0.8842522623709921
1698081346.1703653 42.78530023759623 -78.96851402012524 -0.5017830674524195 0 0 -0.48150776470371304 0.876441824954762
1698081346.6664753 43.471909893816296 -80.15872841308264 -0.4947830674524195 0 0 -0.5001530814699144 0.8659370041152815
1698081347.164011 44.080999465295406 -81.26685911948675 -0.5117830674524195 0 0 -0.5090743541479448 0.860722546439242
1698081347.6630592 44.60149446102252 -82.25186422879607 -0.5257830674524195 0 0 -0.5161386979927715 0.8565050171682165
1698081348.1774929 45.07769224697223 -83.18556702211659 -0.5587830674524196 0 0 -0.5223345811188824 0.8527406319434777
1698081348.6633043 45.49851804976071 -83.97562308593473 -0.5447830674524196 0 0 -0.5147228665256699 0.8573566181441638
1698081349.1719432 45.919343492039076 -84.69385561863396 -0.5377830674524195 0 0 -0.49722528049939374 0.8676214730124533
1698081349.66499 46.41768824235979 -85.33000369125286 -0.5497830674524196 0 0 -0.4377876020964337 0.8990784256396406
1698081350.175662 46.982478276186775 -85.92510935367196 -0.5197830674524195 0 0 -0.39472117356948605 0.9188009551235391
1698081350.6931427 47.6026386956057 -86.3663072003538 -0.4587830674524196 0 0 -0.30427423918717467 0.9525844778113204
1698081351.1761124 48.31139311466694 -86.80750450186456 -0.40878306745241955 0 0 -0.2748162504330335 0.9614967646840671
1698081351.6615086 49.09766657466958 -87.12557536166659 -0.40778306745241955 0 0 -0.19102133102396265 0.9815858857450191
1698081352.1724901 49.917162312744324 -87.36156203256071 -0.42878306745241956 0 0 -0.1397312150401027 0.9901894705274423
1698081352.666361 50.84740006277642 -87.51546407746423 -0.40878306745241955 0 0 -0.08188750641868679 0.9966415786492803
1698081353.1792936 51.788711647398934 -87.59754258035059 -0.40978306745241955 0 0 -0.04347424748745297 0.9990545479629226
1698081353.6708984 52.79646866438045 -87.66936019435364 -0.40078306745241954 0 0 -0.03556476555476717 0.9993673736174473
1698081354.1844466 53.77100281778689 -87.72065700447335 -0.40278306745241954 0 0 -0.02629133491279328 0.9996543231079948
1698081354.6735942 54.745536675725816 -87.72065134911344 -0.43178306745241957 0 0 2.901571796383021e-06 0.9999999999957905
1698081355.1802738 55.67577312333858 -87.64882251028543 -0.43178306745241957 0 0 0.038521849090664875 0.9992577581098062
1698081355.6943934 56.60600850428585 -87.3923048428338 -0.4537830674524196 0 0 0.13412883477138463 0.9909639023107101
1698081356.1721869 57.51409468401137 -87.01266145171124 -0.42678306745241956 0 0 0.19670197645564158 0.980463325402049
1698081356.6706767 58.43325471103552 -86.56119461366711 -0.4487830674524196 0 0 0.226303126438893 0.9740569259360473
1698081357.1814268 59.319191364298064 -85.99686264080623 -0.4387830674524196 0 0 0.2798012936999877 0.9600579336914066
1698081357.675038 60.21620222993104 -85.42227018384618 -0.5057830674524195 0 0 0.2810196779972157 0.9597020061343736
1698081358.1825383 61.135361730738495 -84.86819864527935 -0.4817830674524196 0 0 0.26792511717056783 0.9634397394695412
1698081358.6715302 62.098818189110304 -84.30386644050738 -0.4877830674524196 0 0 0.26184463821870635 0.9651100379936554
1698081359.1772685 63.073348975553984 -83.74979473348984 -0.4917830674524196 0 0 0.2556186668140037 0.9667776875663977
1698081359.671647 64.0700281673869 -83.17520200248579 -0.41478306745241955 0 0 0.25851354261740683 0.9660076336568972
1698081360.1835084 65.0667076062454 -82.64165128997779 -0.42478306745241956 0 0 0.2432883292665473 0.9699540137772986
1698081360.6970248 66.08553528361618 -82.05679810399259 -0.39078306745241953 0 0 0.25761998054198315 0.9662463172636407
1698081361.1813395 67.02684324559117 -81.47194541514371 -0.3537830674524196 0 0 0.2744080094370498 0.9616133549180752
1698081361.591018 68.03459694103533 -80.92813437556575 -0.3567830674524196 0 0 0.24490546801358826 0.9695469621101627
1698081362.1837947 69.09772201003508 -80.404844079428 -0.3537830674524196 0 0 0.2267132248125134 0.9739615565796788
1698081362.6777303 70.14977290315109 -79.89181439723382 -0.3427830674524196 0 0 0.22491745100257915 0.9743778221175308
1698081363.182378 71.20182408526856 -79.43008719076308 -0.3317830674524196 0 0 0.20531471665457007 0.9786960034275473
1698081363.6736462 72.2870980825299 -78.97862035558902 -0.3527830674524196 0 0 0.19583480032728537 0.9806369006828023
1698081364.1847482 73.36129779201308 -78.51689316298953 -0.3367830674524196 0 0 0.20158790000113558 0.9794704276154192
1698081364.6712227 74.43549725279316 -78.00386364272201 -0.3647830674524196 0 0 0.22094245024938927 0.9752868468700868
1698081365.1751993 75.49862243000162 -77.48057377405486 -0.3487830674524196 0 0 0.2267130475519605 0.9739615978413638
1698081365.6925762 76.55067337806051 -76.95728403305553 -0.39078306745241953 0 0 0.22873941640551404 0.973487688356902
1698081366.1838114 77.56950134155407 -76.38269215282125 -0.3697830674524195 0 0 0.253942311879259 0.9672193661405964
1698081366.6798904 78.54403253790267 -75.84914247473725 -0.41678306745241955 0 0 0.24784815162462293 0.9687988923075098
1698081367.1863978 79.4299699187327 -75.34637473387502 -0.42678306745241956 0 0 0.2552333574518001 0.9668794822747464
1698081367.6779969 80.36020425994323 -74.83334635707348 -0.41278306745241955 0 0 0.2493400888618835 0.9684159850427646
1698081368.1869063 81.30151281892374 -74.31005751407751 -0.41078306745241955 0 0 0.250974738519636 0.9679936366655518
1698081368.6783237 82.24282099603595 -73.70468495005802 -0.3627830674524196 0 0 0.28188780899568316 0.9594473738249604
1698081369.1845217 83.28379768572319 -73.15061434189604 -0.3417830674524196 0 0 0.2421302072435507 0.970243764597431
1698081369.6706765 84.33584864552873 -72.59654375868612 -0.3717830674524195 0 0 0.24000670650731623 0.9707712299154271
1698081370.1848533 85.34360272991094 -72.06299440485797 -0.3617830674524196 0 0 0.24106416631950417 0.9705091796148465
1698081370.6939185 86.26276323316004 -71.61152930917771 -0.3767830674524195 0 0 0.22630228281158923 0.9740571219360102
1698081371.1793785 87.00473625235996 -71.26266980274083 -0.3727830674524195 0 0 0.21798895996782844 0.9759512351199442
1698081371.67611 87.66918968278173 -70.94459210511742 -0.3247830674524196 0 0 0.22138432140506767 0.9751866396931501
1698081372.1798046 88.30042047160528 -70.6470355304019 -0.3237830674524196 0 0 0.21847343486120566 0.9758428963003966
1698081372.6771138 88.99809671085407 -70.33921820209251 -0.3287830674524196 0 0 0.2062660830007868 0.9784959391860104
1698081373.186652 89.81758940953917 -69.96983752788228 -0.30078306745241956 0 0 0.2101573055341879 0.9776675850873905
1698081373.684186 90.67030486363274 -69.60045673950438 -0.3687830674524195 0 0 0.20297000167091 0.9791849561863738
1698081374.1867895 91.55624321526717 -69.2618572422276 -0.3557830674524196 0 0 0.18151908661963442 0.9833874217177957
1698081374.6803527 92.4311071865336 -68.89247643631788 -0.3837830674524195 0 0 0.1984289514109045 0.9801152744662073
1698081375.1929646 93.21737694422978 -68.47179374387242 -0.39178306745241953 0 0 0.24317816209315327 0.9699816397648958
1698081375.6935532 93.87075577390388 -68.06137215923387 -0.4777830674524196 0 0 0.27677037278723243 0.9609360856723076
1698081376.1960475 94.42446564143421 -67.48678361338096 -0.4717830674524196 0 0 0.39121395636495704 0.9202997557020633
1698081376.6939166 94.77883841630448 -66.7685494806654 -0.42078306745241956 0 0 0.527982785514054 0.8492550725199235
1698081377.2003424 95.01139471062483 -66.10161823912064 -0.40778306745241955 0 0 0.579114267143354 0.8152463833657995
1698081377.6913416 95.12213407571944 -65.38338522165385 -0.3837830674524195 0 0 0.6510059716385573 0.7590726084446322
1698081378.1988509 95.1110566922028 -64.65489227054255 -0.3777830674524195 0 0 0.7124619751727453 0.7017107195511199
1698081378.6819448 94.98923633531345 -63.80327421043634 -0.28478306745241955 0 0 0.7555145070895997 0.6551319176907497
1698081379.194926 94.84526774314585 -63.002958551950194 -0.29478306745241956 0 0 0.7671531478133954 0.6414639879213787
1698081379.6898808 94.67915044172801 -62.141080179744044 -0.29878306745241956 0 0 0.7711210946699429 0.6366885088919296
1698081380.1925926 94.54625576839935 -61.23815979188965 -0.3237830674524196 0 0 0.7568402717559365 0.6535998799329757
1698081380.6960747 94.38013803627399 -60.24289533557366 -0.20678306745241956 0 0 0.7630959039251285 0.6462852631870009
1698081381.193518 94.23616910795295 -59.30919356185958 -0.21278306745241957 0 0 0.7590753090534254 0.6510028227169578
1698081381.6911693 94.1364975495671 -58.45757532195514 -0.3317830674524196 0 0 0.7470757650002395 0.6647388971237556
1698081382.1965296 94.09219720612826 -57.58543593013063 -0.3187830674524196 0 0 0.7248205377662484 0.688937724349775
1698081382.6912146 94.0589711616152 -56.71329649014213 -0.29478306745241956 0 0 0.7204406821711662 0.6935165632288423
1698081383.1939175 94.03681930269481 -55.810375609256205 -0.3147830674524196 0 0 0.7157255671085127 0.6983816382087934
1698081383.694646 93.98144478855312 -54.91771531294594 -0.38978306745241953 0 0 0.7286680040982754 0.6848670964526152
1698081384.2035906 93.94821908201722 -54.09687818843327 -0.40978306745241955 0 0 0.7212644145196747 0.6926598330693002
1698081384.6945195 93.90391931582286 -53.31708296365323 -0.3697830674524195 0 0 0.7268830843172962 0.6867612261429547
1698081385.1981251 93.85961955342194 -52.527027267596935 -0.3547830674524196 0 0 0.7266304965725467 0.6870284720815681
1698081385.6944087 93.7931711944844 -51.69592977956381 -0.30078306745241956 0 0 0.7347442475181215 0.6783442273204876
1698081386.1957264 93.6381287865977 -50.83405118581271 -0.30678306745241957 0 0 0.7671528861274909 0.6414643008821777
1698081386.6956336 93.48308622493809 -49.9106097783121 -0.27278306745241954 0 0 0.7634064866662492 0.645918366448806
1698081387.200068 93.32804378599587 -49.00768928411635 -0.26578306745241953 0 0 0.7646029487862048 0.6445016142008027
1698081387.687629 93.16192685871324 -48.01242461275978 -0.27278306745241954 0 0 0.7630956383535625 0.6462855767582694
1698081388.1996212 92.98473565157396 -46.986378554277834 -0.2597830674524195 0 0 0.7649099036098149 0.6441372830069874
1698081388.6941895 92.80754423428354 -45.86798827442258 -0.2597830674524195 0 0 0.7604217699207406 0.6494295433922053
1698081389.1972022 92.65250157947318 -44.81116070209778 -0.24178306745241956 0 0 0.7566875239698346 0.6537767134644679
1698081389.6904442 92.50853321815701 -43.744072610241474 -0.17878306745241956 0 0 0.7528962834525179 0.6581391846436327
1698081390.2003295 92.35349068348097 -42.67698452767609 -0.16878306745241956 0 0 0.7562358104092409 0.6542991663258318
1698081390.6970181 92.209522416848 -41.589375460875786 -0.09678306745241956 0 0 0.7520726833507175 0.6590801764259424
1698081391.198001 92.08770272547665 -40.50176631353801 -0.08978306745241955 0 0 0.7454229720952027 0.6665917736311743
1698081391.6951368 91.96588316604117 -39.4346780814703 -0.09178306745241956 0 0 0.746131356546982 0.6657987674796044
1698081392.1958241 91.83298948548273 -38.3881107958761 -0.05378306745241956 0 0 0.7503229426348412 0.6610714649383929
1698081392.6927667 91.65579890752053 -37.351804068145356 -0.030783067452419557 0 0 0.7643745496373652 0.6447724775970786
1698081393.1111195 91.50075687276099 -36.30523679433389 -0.019783067452419555 0 0 0.7571472992504565 0.6532441865319122
1698081393.6990175 91.36786343342 -35.26892991593435 0.020216932547580446 0 0 0.7507316229768252 0.6606073192620424
1698081394.2077658 91.20174729435735 -34.222362625945905 0.02621693254758045 0 0 0.7605137541881194 0.6493218228973154
1698081394.6996598 91.00240850448186 -33.18605585459577 0.02321693254758045 0 0 0.7710033052860998 0.6368311418562295
1698081395.2067313 90.81414403347735 -32.1497490320461 0.019216932547580445 0 0 0.7677053566800259 0.6408030004024593
1698081395.6999063 90.61480536538686 -31.103181738251497 0.08121693254758044 0 0 0.77042369184916 0.6375322227444747
1698081396.209796 90.44868959674604 -30.09765622263827 0.08421693254758045 0 0 0.7625594064012593 0.6469181955309026
1698081396.6920218 90.26042527939346 -29.0305679201849 0.11021693254758044 0 0 0.7660759478356842 0.6427500619585018
1698081397.20394 90.08323541916172 -28.03530284646764 0.10821693254758044 0 0 0.7665757440225708 0.6421538979685805
1698081397.7014077 89.9060455512241 -26.998995877223305 0.07921693254758044 0 0 0.7643743225473019 0.6447727468111175
1698081398.2014267 89.72885577196982 -25.972949351174194 0.08221693254758045 0 0 0.7649094437747864 0.6441378290584608
1698081398.694826 89.5848887744822 -24.92638181063441 0.10421693254758044 0 0 0.7537498793850537 0.6571614104061627
1698081399.205188 89.44092186590399 -23.890074718127163 0.11621693254758045 0 0 0.7541888144357561 0.656657621732961
1698081399.7025244 89.31910352702303 -22.85376757109738 0.02921693254758044 0 0 0.7472437948605094 0.6645500064272551
1698081400.2065816 89.17513677545574 -21.827720910199393 0.021216932547580447 0 0 0.754635991551841 0.6561436734851367
1698081400.701846 88.98687304303385 -20.76063241337309 0.0072169325475804486 0 0 0.7660757669737553 0.6427502775227503
1698081401.2003074 88.79860938420198 -19.693543891169686 -0.017783067452419553 0 0 0.766075744171982 0.6427503046995342
1698081401.7026236 88.59927150259608 -18.58541347895337 0.002216932547580444 0 0 0.767152185354277 0.6414651389640416
1698081402.2056997 88.43315648442344 -17.508064406456683 0.02321693254758045 0 0 0.7590743910934564 0.65100389306524
1698081402.696934 88.28919005052698 -16.44097575501661 0.020216932547580446 0 0 0.7528956768330288 0.6581398786019089
1698081403.2038407 88.12307515356076 -15.332845228878924 0.00821693254758045 0 0 0.7577100648514322 0.6525913404442618
1698081403.6939929 88.02340579253072 -14.18367273693112 0.02621693254758045 0 0 0.7370234177026987 0.6758672071922364
1698081404.2044075 87.95695928193581 -13.055021140632796 0.04821693254758044 0 0 0.7275887273595939 0.6860135886549527
1698081404.697036 87.83514160487533 -11.916109109085344 -0.025783067452419553 0 0 0.7437583814499569 0.6684485545073312
1698081405.2075255 87.73547253286792 -10.807978452284992 -0.030783067452419557 0 0 0.7380995222079966 0.6746918521194155
1698081405.6955202 87.65795207897683 -9.761410584912174 -0.052783067452419556 0 0 0.7327580621860271 0.6804892521571362
1698081406.209993 87.52506045998517 -8.725103209531163 -0.052783067452419556 0 0 0.7507310321763152 0.6606079906627563
1698081406.7060516 87.33679773059345 -7.81192148452868 -0.09278306745241956 0 0 0.7752144875369607 0.631698106940972
1698081407.208108 87.11531242437782 -7.144991036588757 -0.05678306745241955 0 0 0.8109165189536279 0.5851618573421635
1698081407.7068746 86.90490152256102 -6.765353732736233 -0.08678306745241955 0 0 0.8616161247558382 0.5075604925136825
1698081408.2122815 86.77201049197065 -6.662749088257457 -0.04678306745241956 0 0 0.9464477432724464 0.32285704151294786
1698081408.7039876 86.65019383364078 -6.837177140548026 -0.10978306745241956 0 0 -0.8867269420440724 0.46229355419816115
1698081409.2091334 86.50622866928543 -6.99108426582741 -0.12378306745241956 0 0 -0.9173673132984328 0.3980417220488513
1698081409.7000551 86.28474382951869 -7.278377548435567 -0.17578306745241956 0 0 -0.8973736805998473 0.44127143275617003
1698081410.2060225 86.12970452314951 -7.637494103875874 -0.19278306745241958 0 0 -0.8355726446028879 0.5493799737807484
1698081410.7014525 85.99681374010058 -8.0273920674714 -0.15378306745241954 0 0 -0.8132068940527428 0.5819746965849041
1698081411.207882 85.93036845452629 -8.40702952910187 -0.12378306745241956 0 0 -0.7656377437783698 0.6432719839243486
1698081411.6973789 86.04111114004485 -8.75588547858832 -0.15878306745241955 0 0 -0.5905225909445466 0.8070211085121254
1698081412.2085304 86.29581905639846 -9.084220396040873 -0.15178306745241954 0 0 -0.4399176131354219 0.8980381359681967
1698081412.699743 86.62804666919988 -9.330471488853572 -0.19878306745241955 0 0 -0.3135473860659591 0.9495725547272332
1698081413.2116342 87.12638809044113 -9.68958763682567 -0.16978306745241956 0 0 -0.3071687538950136 0.9516550617900293
1698081413.7021196 87.66902664620325 -10.243652659738931 -0.11878306745241957 0 0 -0.3874909577175651 0.9218735041680741
1698081414.208985 88.18951676234258 -10.84902000589826 -0.15378306745241954 0 0 -0.41716382688094145 0.908831305326818
1698081414.6976397 88.63248735079709 -11.700638627624429 -0.21478306745241957 0 0 -0.5189130772998536 0.8548270106911667
1698081415.2134695 88.88719579916031 -12.603559702012026 -0.18778306745241957 0 0 -0.6035320697780627 0.7973387239745776
1698081415.6144042 89.02008761140421 -13.55778319931989 -0.2567830674524195 0 0 -0.6565303728235706 0.7542995887312569
1698081416.2172024 89.14190525418688 -14.532527628241347 -0.29178306745241955 0 0 -0.6618121846420418 0.7496696820996084
1698081416.7129831 89.17512891685965 -15.455969787116178 -0.3387830674524196 0 0 -0.6942784733422002 0.7197064689535754
1698081417.2174716 89.19727845337503 -16.440974767265008 -0.3147830674524196 0 0 -0.6991133519228512 0.7150108538778944
1698081417.710421 89.25265082439245 -17.446500643876735 -0.27378306745241954 0 0 -0.6873918953862732 0.7262867079585491
1698081418.218148 89.33017178666454 -18.472547423959103 -0.2547830674524195 0 0 -0.6799491418082196 0.7332592751232443
1698081418.7110612 89.47413826978965 -19.46781270211278 -0.30178306745241956 0 0 -0.6545374834670221 0.7560295514969357
1698081419.2111251 89.62917912303313 -20.504119819342826 -0.3647830674524196 0 0 -0.6527012187890254 0.7576154162840938
1698081419.709335 89.75099733109384 -21.560947899806227 -0.39778306745241954 0 0 -0.6653910323782802 0.746494992635963
1698081420.214897 89.86174142540831 -22.65881785211908 -0.3627830674524196 0 0 -0.6706852948261346 0.7417420274623657
1698081420.7347925 89.99463416207185 -23.797729628342665 -0.3347830674524196 0 0 -0.6648692931193414 0.746959719842367
1698081421.2156165 90.14967549838822 -24.946901815696506 -0.31078306745241957 0 0 -0.6581396890374119 0.7528958425398155
1698081421.7104666 90.3379396514265 -26.085813453075975 -0.3477830674524196 0 0 -0.6468814993794716 0.7625905361073967
1698081422.2171152 90.49298118052461 -27.245246057928867 -0.3337830674524196 0 0 -0.6585810048228137 0.7525098405247422
1698081422.7111297 90.60372586203042 -28.435460127074233 -0.29278306745241955 0 0 -0.6735555506963965 0.739136604509663
1698081423.213211 90.76984192119075 -29.646195004377745 -0.3497830674524196 0 0 -0.6572939862484116 0.7536342718067385
1698081423.7005417 90.93595816068158 -30.897971725659705 -0.3307830674524196 0 0 -0.658957097594629 0.7521805258910009
1698081424.2163794 91.09100016815461 -32.108706572945216 -0.3487830674524196 0 0 -0.6606743131590037 0.7506726663012838
1698081424.7049763 91.2792650188568 -33.319441321881676 -0.42578306745241956 0 0 -0.6505190624517208 0.7594899271135426
1698081425.2170737 91.46752984992041 -34.478873705955124 -0.42778306745241956 0 0 -0.6479670070779641 0.7616684040567954
1698081425.7374227 91.6447204245058 -35.59726421708144 -0.39578306745241953 0 0 -0.6494298350168012 0.7604215208619824
1698081426.2231903 91.79976280779323 -36.8079989604622 -0.3367830674524196 0 0 -0.6606741944752578 0.750672770755986
1698081426.7147825 92.01017655916519 -38.02899400490518 -0.39678306745241954 0 0 -0.6442722757511584 0.7647962046835898
1698081427.2204819 92.17629341345153 -39.249989131378 -0.40878306745241955 0 0 -0.6577201264101586 0.7532623947304186
1698081427.7154727 92.27596468123129 -40.39916114242655 -0.3707830674524195 0 0 -0.6758665870334564 0.7370239864018995
1698081428.2159503 92.3756362342739 -41.62015640330572 -0.3857830674524195 0 0 -0.6777312265110029 0.7353097201940768
1698081428.7160985 92.54175343711208 -42.86167239413103 -0.4407830674524196 0 0 -0.6585514311556401 0.7525357217586806
1698081429.1290925 92.67464778556337 -44.031365189745266 -0.4607830674524196 0 0 -0.665999819365212 0.7459519023405631
1698081429.7166502 92.80754222528832 -45.20105796334993 -0.4667830674524196 0 0 -0.665999789844787 0.7459519286969499
1698081430.222807 93.01795649670595 -46.37075047976161 -0.4957830674524195 0 0 -0.6414644438363651 0.76715276659457
1698081430.7342992 93.21729657802821 -47.53018253149627 -0.4687830674524196 0 0 -0.6444210656763528 0.7646708377547518
1698081431.222319 93.41663688082751 -48.730656417093186 -0.4507830674524196 0 0 -0.6466032968263343 0.7628264393250377
1698081431.7149904 93.62705173128867 -49.992693028411466 -0.5177830674524195 0 0 -0.6463527144212082 0.7630387726454901
1698081432.220769 93.84854069284992 -51.18290630907264 -0.5097830674524195 0 0 -0.6391592234275177 0.769074435349097
1698081432.7082632 94.04788139170917 -52.41416149219128 -0.5667830674524196 0 0 -0.6481437454068213 0.7615180137659369
1698081433.2212372 94.19185112966039 -53.696719166523906 -0.4927830674524196 0 0 -0.6665015175213018 0.7455036734596294
1698081433.718219 94.34689530030018 -54.99979770663827 -0.4417830674524196 0 0 -0.6640219867309809 0.747713047323531
1698081434.2258384 94.47979074115398 -56.210532117273345 -0.42478306745241956 0 0 -0.6674170340449044 0.7446841630293362
1698081434.7217925 94.6237604496272 -57.40074553217701 -0.40678306745241954 0 0 -0.6632925752409048 0.7483601804146776
1698081435.2323341 94.71235892860197 -58.5704382103968 -0.39078306745241953 0 0 -0.6798791307306912 0.7333241899711749
1698081435.7368398 94.76773458945719 -59.699089146103574 -0.38978306745241953 0 0 -0.6895633990533466 0.7242253231460463
1698081436.228441 94.85633279169062 -60.755916684700225 -0.38878306745241953 0 0 -0.6769264879335914 0.7360506300071301
1698081436.719597 95.00030197731932 -61.73066026491204 -0.3387830674524196 0 0 -0.6534086042755893 0.7570054133615072
1698081437.2228801 95.28823569647777 -62.52071486658991 -0.3357830674524196 0 0 -0.5734037050328415 0.8192729649235413
1698081437.7236156 95.66476280304192 -63.156862101090816 -0.2527830674524195 0 0 -0.4953015461138162 0.8687211165945393
1698081438.232771 96.19632825609378 -63.51597612142022 -0.22578306745241955 0 0 -0.29272303957811047 0.9561972715397968
1698081438.7237775 96.81648671255441 -63.63909907840444 -0.21478306745241957 0 0 -0.09783634125467593 0.9952025172445549
1698081439.238358 97.45879250222276 -63.48518942650621 -0.17578306745241956 0 0 0.11732224401239226 0.9930938984103652
1698081439.7272887 98.28936039741576 -63.30049761008513 -0.16078306745241955 0 0 0.10918586757691157 0.9940213510390393
1698081440.2343338 99.26389391744499 -63.20814937062904 -0.12578306745241957 0 0 0.047222109488698906 0.9988844139215695
1698081440.7352905 100.30487327641775 -63.1978845562985 -0.13778306745241956 0 0 0.004930184245429167 0.9999878465678002
1698081441.240312 101.46766954587449 -63.228661074908985 -0.11578306745241956 0 0 -0.013230364608532346 0.9999124748958407
1698081441.725632 102.6083174914331 -63.30047952090258 -0.09878306745241955 0 0 -0.03143474376104706 0.9995058063286463
1698081442.234771 103.82648522557997 -63.38255809088029 -0.08478306745241956 0 0 -0.03363216763761057 0.9994342786296634
1698081442.7262807 105.08894961220172 -63.382552796304765 -0.07278306745241955 0 0 2.0969207444453497e-06 0.9999999999978014
1698081443.231772 106.29604232627351 -63.279943160800805 -0.06278306745241956 0 0 0.04238816134929445 0.9991012179841571
1698081443.726387 107.41454075084869 -63.10551071916609 -0.08078306745241956 0 0 0.0772759618845997 0.9970097420360595
1698081444.2338493 108.4998162166655 -62.87977616312969 -0.18278306745241957 0 0 0.1023571594017284 0.9947477126986567
1698081444.7232594 109.59616576704474 -62.612999773178295 -0.27578306745241954 0 0 0.11906321025890028 0.9928866762943518
1698081445.233482 110.68144090467166 -62.30518165184566 -0.28078306745241954 0 0 0.13774709331007096 0.9904674342373032
1698081445.7342849 111.82208716923289 -61.96658198640133 -0.26578306745241953 0 0 0.14378164889746745 0.9896094368185488
1698081446.2261114 112.99595598125302 -61.57667997329283 -0.28678306745241955 0 0 0.15965697296947723 0.9871725538031452
1698081446.7263465 114.19197346928303 -61.227819739176795 -0.28278306745241955 0 0 0.14142967089206318 0.9899483058177142
1698081447.2273827 115.38799063776584 -60.79687595120074 -0.30278306745241956 0 0 0.17205709324788176 0.9850869792374122
1698081447.720356 116.57293344674476 -60.33515092564408 -0.28978306745241955 0 0 0.18471369893170073 0.9827923735087534
1698081448.2324162 117.7910988162765 -59.82212359540555 -0.21778306745241957 0 0 0.19798472861792069 0.9802051046766123
1698081448.7233014 118.99818979355652 -59.26805459478015 -0.18978306745241957 0 0 0.21350511828256089 0.9769419452900718
1698081449.231848 120.16098371792395 -58.693464961123546 -0.19978306745241955 0 0 0.22746788578831023 0.9737855826284327
1698081449.7263467 121.34592616393516 -58.118875329224586 -0.11778306745241957 0 0 0.2238385370958178 0.9746262408281465
1698081450.2334187 122.50872056420712 -57.657150779663866 -0.09078306745241956 0 0 0.1878710017352002 0.9821937113965923
1698081450.7337708 123.62721825554883 -57.26724958868628 -0.14478306745241956 0 0 0.16692560650261587 0.9859694933889861
1698081451.2290366 124.7346419026218 -56.928650718509985 -0.13778306745241956 0 0 0.1478198178705014 0.9890143080080954
1698081451.6290476 125.83099138545612 -56.61057282732456 -0.11878306745241957 0 0 0.1407175600999221 0.9900497807077808
1698081452.229146 126.90519237850405 -56.292495064921496 -0.09578306745241956 0 0 0.14344389051670955 0.9896584513221873
1698081452.724041 128.0347643973372 -55.91285448747081 -0.060783067452419556 0 0 0.16140665401399074 0.9868879835320764
1698081453.2300363 129.21970763709888 -55.52295332390792 -0.04578306745241956 0 0 0.15827523855998687 0.9873950318179544
1698081453.7240338 130.46002213429168 -55.13305201785747 -0.07478306745241955 0 0 0.15169984218690535 0.9884266072301312
1698081454.227023 131.63389118575483 -54.75341145616546 -0.07778306745241956 0 0 0.15575960601367433 0.9877949914503844
1698081454.7212183 132.78561174787407 -54.373771034148234 -0.036783067452419556 0 0 0.1585347417533629 0.9873533995774737
1698081455.218004 133.9594810399513 -54.05569322080119 -0.009783067452419553 0 0 0.131919991570355 0.9912603673223688
1698081455.7347949 135.14442491866285 -53.82995935564111 0.10321693254758044 0 0 0.09398416425571822 0.9955736923348036
1698081456.227557 136.41796272527705 -53.58370433855017 0.14321693254758044 0 0 0.0953577414419287 0.9954430677578172
1698081456.7244036 137.73579735522245 -53.28614702603241 0.07721693254758044 0 0 0.11080635329427573 0.9938420156491796
1698081457.2284598 138.99826063588634 -52.957808656128066 0.10121693254758043 0 0 0.1268774534800551 0.9919183997680537
1698081457.7226086 140.2607238913516 -52.61920990636915 0.09021693254758045 0 0 0.13064442257087477 0.9914292888810189
1698081458.2318916 141.56748418853599 -52.29087149393057 0.18421693254758045 0 0 0.122772216227656 0.9924348759100264
1698081458.724932 142.929615813885 -51.98305381147665 0.22021693254758043 0 0 0.11089605609447346 0.993832010323018
1698081459.2279832 144.3028214158015 -51.59315269728409 0.18421693254758045 0 0 0.13788622666183106 0.9904480746091449
1698081459.7166162 145.58743313836393 -51.23403324380323 0.2852169325475804 0 0 0.1358763275213717 0.9907258064769006
1698081460.2315767 146.86097044981102 -50.82361174115532 0.2912169325475804 0 0 0.15524936962294508 0.9878753125934863
1698081460.7326345 148.1898787816937 -50.341367122623794 0.24821693254758045 0 0 0.1731773471228782 0.9848906571003109
1698081461.2285068 149.40804436533034 -49.777039530332544 0.24021693254758045 0 0 0.2152160917462292 0.9765664513249872
1698081461.728119 150.55976450697307 -49.22297267161223 0.2712169325475805 0 0 0.22232425605464576 0.9749727817584183
1698081462.2364788 151.7336332696158 -48.69968710643803 0.3032169325475804 0 0 0.20813609194111504 0.978099875897896
1698081462.7264433 152.8964278336216 -48.1866620825419 0.34921693254758046 0 0 0.20626459544981926 0.9784962527592644
1698081463.2370467 154.09244513468266 -47.66337660883317 0.34621693254758046 0 0 0.20475658035588817 0.9788129253340306
1698081463.7300925 155.3216851710102 -47.12983068928002 0.33521693254758045 0 0 0.2033258761025669 0.9791111214295973
1698081464.2319129 156.5952223228087 -46.62706598890686 0.35021693254758046 0 0 0.1868929053806053 0.9823802939383486
1698081464.636089 157.86875977464913 -46.21664517437734 0.35421693254758047 0 0 0.15524911195139912 0.987875353087778
1698081465.1373296 159.14229720786585 -45.79596400541435 0.35921693254758047 0 0 0.1588445936893817 0.9873035982187319
1698081465.6334345 160.41583484057537 -45.436845432440215 0.2702169325475805 0 0 0.13699210026751676 0.9905721399596774
1698081466.246952 161.63400163297754 -45.21111253896955 0.24121693254758045 0 0 0.09148542643907677 0.9958064152983049
1698081466.732603 162.77464883531763 -45.03668200677519 0.16821693254758044 0 0 0.07580063771537121 0.9971229930765527
1698081467.2446897 163.89314751106286 -44.85199114791868 0.12821693254758046 0 0 0.08173234193460675 0.9966543153380135
1698081467.7330322 165.01164640246677 -44.73912323743046 0.14821693254758045 0 0 0.05026367473087951 0.99873598263132
1698081468.2394416 166.06370046546448 -44.85198470618174 0.12521693254758046 0 0 -0.053408845976826484 0.9985727290345073
1698081468.7247899 166.9607155844313 -45.14953410758144 0.04321693254758044 0 0 -0.15946103802271872 0.9872042227182363
1698081469.239489 167.56980148701726 -45.867761378041116 0.03721693254758045 0 0 -0.42024966285367815 0.9074085192852058
1698081469.6324723 167.76914081316443 -46.7911981627209 0.12521693254758046 0 0 -0.6280897753893651 0.7781408831640559
1698081470.240948 167.58088155092523 -47.7454173937177 0.15721693254758046 0 0 -0.7725154736965111 0.6349959392779256
1698081470.7333682 167.04932037383423 -48.62781484279677 0.15921693254758046 0 0 -0.8706348558226212 0.49192982002184366
1698081471.2423527 166.27412558529593 -49.458911070184236 0.18521693254758045 0 0 -0.9170838105433423 0.3986944750549008
1698081471.7371552 165.36603940270322 -50.15662240196121 0.14421693254758045 0 0 -0.9468285039699615 0.3217386891096633
1698081472.2454126 164.3250622217848 -50.844073848108366 0.09421693254758046 0 0 -0.9577211403040837 0.287698135924871
1698081472.7365477 163.1844165801913 -51.459702798274975 0.06821693254758043 0 0 -0.9695381622489316 0.24494030281471507
1698081473.234421 161.98839957515298 -52.034290354523726 0.07021693254758044 0 0 -0.9750323528669539 0.2220628534058138
1698081473.7368424 160.71486288188285 -52.619138692449525 0.021216932547580447 0 0 -0.9769225588427618 0.21359380614641119
1698081474.1480954 159.3859547479197 -53.142424797986315 0.03721693254758045 0 0 -0.9824616193003457 0.18646492056615505
1698081474.7327058 157.9906009894835 -53.62466954083873 0.05521693254758045 0 0 -0.986191050643019 0.16561162891421052
1698081475.241243 156.61739571189858 -54.0966538715429 0.035216932547580446 0 0 -0.986331141046046 0.16477524147396952
1698081475.736645 155.2774132005057 -54.568638169308485 0.05421693254758045 0 0 -0.9856977653753386 0.16852274426338976
1698081476.2437541 153.88205949402402 -55.050883175167826 0.04021693254758045 0 0 -0.986191035748625 0.16561171760794635
1698081476.7367716 152.45348302052648 -55.52286796883735 0.05521693254758045 0 0 -0.9872990683265723 0.15887274681795585
1698081477.2421825 150.99168373707965 -55.974332118851706 0.062216932547580456 0 0 -0.9888048024541545 0.1492148204556118
1698081477.73223 149.4855873955613 -56.40527566581981 0.061216932547580455 0 0 -0.9903074251995159 0.1388927773309513
1698081478.2476008 147.97949106950412 -56.836219300203645 0.04521693254758044 0 0 -0.99030742128524 0.13889280523978986
1698081478.7327316 146.42909772067625 -57.25690275764187 0.015216932547580442 0 0 -0.9912373389303686 0.13209291392895256
1698081479.1497006 144.85655576835993 -57.64680509293442 0.003216932547580445 0 0 -0.9926253648731957 0.12122246083278027
1698081479.7341678 143.27293954267165 -58.026447119392145 0.004216932547580446 0 0 -0.9930877642541012 0.11737415596625488
1698081480.2501893 141.65610061937184 -58.416349787624064 -0.00678306745241955 0 0 -0.9930087519148237 0.11804074983057355
1698081480.8244066 140.03926174873214 -58.8165129745007 -0.05478306745241956 0 0 -0.992650854685514 0.12101355581966275
1698081481.250931 138.47779405939147 -59.196155157483624 -0.06678306745241956 0 0 -0.9928979063702231 0.11896952351601467
1698081481.737795 136.9384747176334 -59.5347555871407 -0.042783067452419554 0 0 -0.994145638218448 0.10804836885041132
1698081482.241767 135.43237793268713 -59.822053767328924 -0.05678306745241955 0 0 -0.9955621197626586 0.09410667188718237
1698081482.741851 133.91520670260664 -60.05804985565013 -0.10878306745241956 0 0 -0.9970248974970943 0.07708017754850166
1698081483.251008 132.35373799063208 -60.170920895544505 -0.10478306745241955 0 0 -0.999349193383402 0.03607200692980441
1698081483.7356205 130.78119450078475 -60.150406275070424 -0.10078306745241955 0 0 0.9999787293458148 0.006522335159263995
1698081484.251645 129.25294784811717 -60.08884970707841 -0.11178306745241956 0 0 0.9997974240741802 0.020127364820910446
1698081484.737201 127.8022206993358 -59.965730164147715 -0.14078306745241956 0 0 0.9991041221173674 0.04231965463096931
1698081485.2411854 126.37364197054423 -59.822089623710006 -0.16478306745241955 0 0 0.9987449804541338 0.05008456865813873
1698081485.8302658 125.04473165176432 -59.719490438365305 -0.13678306745241955 0 0 0.9992579529938624 0.03851679346098016
1698081486.2521539 123.80441516746546 -59.57584910649634 -0.12078306745241955 0 0 0.9983387967949866 0.05761637626524689
1698081486.7351353 122.56409880780423 -59.46298908787336 -0.15878306745241955 0 0 0.9989708892008071 0.045355953626275446
1698081487.2430136 121.46774801254493 -59.432212061142046 -0.19878306745241955 0 0 0.999901546977848 0.014031976029990975
1698081487.7366648 120.48213979139287 -59.42195548850883 -0.23478306745241956 0 0 0.999986464522974 0.005202957893624493
1698081488.2392147 119.60727402399725 -59.401438031517806 -0.23778306745241956 0 0 0.9999312757433069 0.01172364236757965
1698081488.739267 118.79885363072235 -59.35013896557764 -0.23878306745241956 0 0 0.9994980571583101 0.031680178925686274
1698081489.246503 118.09010148231889 -59.29883950360065 -0.23478306745241956 0 0 0.9993474913880035 0.036119128678643156
1698081489.7389283 117.61390848561607 -59.22701822524693 -0.26378306745241953 0 0 0.9972002106111783 0.07477793763551956
1698081490.2465596 117.42564596825355 -59.155195815345486 -0.3187830674524196 0 0 0.9834421657854595 0.18122225733944716
1698081490.8279157 117.53638821864848 -59.09363268525829 -0.42978306745241956 0 0 0.2509737354283812 0.9679938967396049
1698081491.2400246 117.37027360082377 -58.867903442867004 -0.4677830674524196 0 0 0.8923867517004186 0.45127140989605746
1698081491.7395682 117.13771396912254 -58.765299850642755 -0.4627830674524196 0 0 0.9784968948467303 0.20626154943495123
1698081492.249128 116.98267380302872 -58.590872803773 -0.5227830674524195 0 0 0.9122360556453086 0.4096649591809011
1698081492.7385595 116.91622810964662 -58.53957081153643 -0.5717830674524196 0 0 0.9464484548611067 0.32285495550018056
1698081493.2432077 116.96052498713793 -58.508789290654384 -0.5727830674524196 0 0 0.2990000385418161 0.9542530990004656
1698081493.7390032 116.90515338423387 -58.41644545502829 -0.5797830674524196 0 0 0.8701318235433413 0.49281904352118894
1698081494.243109 116.81655935124132 -58.406185348335164 -0.6657830674524196 0 0 0.9983387930264145 0.057616441564557225
1698081494.6578438 116.76118814456294 -58.416446011381716 -0.6627830674524195 0 0 -0.995806352164164 0.09148611364300539
1698081495.2435741 116.76118818416772 -58.42670646227045 -0.7157830674524196 0 0 -0.707105416488274 0.7071081458821873
1698081495.7357566 116.75011389547457 -58.416446054195774 -0.7687830674524196 0 0 0.9310070021573197 0.36500131771548505
1698081496.2449074 116.73903960622812 -58.406185647637045 -0.7827830674524195 0 0 0.9310070201459957 0.3650012718318575
1698081496.7408628 116.73903964504933 -58.41644609669417 -0.7767830674524197 0 0 -0.707105443488328 0.7071081188822363
1698081497.2474349 116.73903968522703 -58.426706547884635 -0.7797830674524197 0 0 -0.707105396746991 0.7071081656233934
1698081497.7396677 116.73903972483453 -58.436966997328156 -0.7787830674524197 0 0 -0.7071054163945535 0.7071081459759073
1698081498.2507544 116.73903972483453 -58.436966997328156 -0.7757830674524197 0 0 0.0 1.0
1698081498.7448497 116.75011393491314 -58.42670650500885 -0.8047830674524196 0 0 0.36500487066598536 0.9310056092151686
1698081499.2517836 116.75011393491314 -58.42670650500885 -0.8037830674524196 0 0 0.0 1.0
1698081499.7463987 116.73903968522703 -58.426706547884635 -0.8017830674524196 0 0 -0.9999999999981263 1.9358324102092974e-06
1698081500.246384 116.73903968522703 -58.426706547884635 -0.8017830674524196 0 0 0.0 1.0
1698081500.8222034 116.73903968522703 -58.426706547884635 -0.8037830674524196 0 0 0.0 1.0
1698081501.2553592 116.73903968522703 -58.426706547884635 -0.7947830674524196 0 0 0.0 1.0
1698081501.7454238 116.73903972483453 -58.436966997328156 -0.8037830674524196 0 0 -0.7071054163945535 0.7071081459759073
1698081502.2554903 116.73903972483453 -58.436966997328156 -0.7977830674524196 0 0 0.0 1.0
1698081502.7446854 116.72796535753707 -58.4061856904657 -0.8007830674524196 0 0 0.8180869908484897 0.5750944925874905
1698081503.2587113 116.72796535753707 -58.4061856904657 -0.7857830674524195 0 0 0.0 1.0
1698081503.748316 116.72796543700784 -58.42670659096447 -0.7427830674524196 0 0 -0.7071054119880581 0.7071081503823857
1698081504.2561612 116.72796543700784 -58.42670659096447 -0.7437830674524196 0 0 0.0 1.0
1698081504.7388144 116.73903968522703 -58.426706547884635 -0.7807830674524195 0 0 1.94504564707265e-06 0.9999999999981084
1698081505.256723 116.73903968522703 -58.426706547884635 -0.7717830674524196 0 0 0.0 1.0
1698081505.6460943 116.71689110786187 -58.40618573297854 -0.7887830674524196 0 0 0.9310070075828385 0.36500130387664154
1698081506.2536395 116.71689114776682 -58.41644618259298 -0.7867830674524195 0 0 -0.707105406145148 0.707108156225273
1698081506.746477 116.71689130621951 -58.45748798334784 -0.7737830674524196 0 0 -0.707105416199149 0.707108146171311
1698081507.2570562 116.71689126625556 -58.44722753371776 -0.7827830674524195 0 0 0.7071081582584017 0.7071054041120115
1698081507.7452357 116.71689118708976 -58.42670663337071 -0.8057830674524196 0 0 0.7071081451281829 0.7071054172422813
1698081508.2604823 116.71689118708976 -58.42670663337071 -0.8037830674524196 0 0 0.0 1.0
1698081508.749172 116.71689118708976 -58.42670663337071 -0.7957830674524196 0 0 0.0 1.0
1698081509.2511482 116.71689118708976 -58.42670663337071 -0.7987830674524196 0 0 0.0 1.0
1698081509.6522481 116.7058169776494 -58.43696712567852 -0.7977830674524196 0 0 -0.9310056040730961 0.3650048837816961
1698081510.2615812 116.7058169776494 -58.43696712567852 -0.7957830674524196 0 0 0.0 1.0
1698081510.8254285 116.69474272901941 -58.43696716873701 -0.7747830674524196 0 0 -0.9999999999981103 1.9440818659944293e-06
1698081511.258245 116.69474272901941 -58.43696716873701 -0.7777830674524197 0 0 0.0 1.0
1698081511.7492368 116.69474272901941 -58.43696716873701 -0.8127830674524196 0 0 0.0 1.0
1698081512.2595744 116.69474268916566 -58.42670671914009 -0.8177830674524196 0 0 0.7071081544609762 0.7071054079094519
1698081512.7504299 116.68366848018367 -58.436967211692526 -0.8207830674524196 0 0 -0.9310055981379716 0.3650048989202168
1698081513.2569475 116.68366848018367 -58.436967211692526 -0.8167830674524196 0 0 0.0 1.0
1698081513.7458103 116.69474268916566 -58.42670671914009 -0.8147830674524196 0 0 0.36500489892021676 0.9310055981379717
1698081514.2631614 116.69474268916566 -58.42670671914009 -0.8117830674524196 0 0 0.0 1.0
1698081514.64902 116.69474268916566 -58.42670671914009 -0.8237830674524196 0 0 0.0 1.0
1698081515.263484 116.69474268916566 -58.42670671914009 -0.8327830674524196 0 0 0.0 1.0